0.14929 1.43989 0.056012
3.84995 1.35512 -0.330192


-0.257845 1.3473 0.0900707
3.45049 1.35257 -0.320284


-0.140684 1.5561 0.089384
3.75037 1.54949 -0.326208


0.138896 1.5367 0.0613541
3.75264 1.45453 -0.327649


0.154376 1.64814 0.0665952
3.85439 1.55246 -0.323682


-0.244119 1.4365 0.0939827
3.64981 1.35649 -0.329027


0.237869 1.65549 0.0570136
4.039 1.55511 -0.332794


0.345607 1.94677 0.0586729
4.15375 1.95649 -0.338392


0.351669 1.8442 0.0539755
4.14749 1.75142 -0.33765


0.335646 2.14481 0.0705646
4.2458 1.94852 -0.339028


0.236966 1.85155 0.0650825
4.05937 1.76077 -0.333371


-1.08137 3.56306 1.45709
2.73427 3.65929 0.952359


-0.0548341 1.44872 0.0764337
3.65194 1.44751 -0.326467


0.0499754 1.55056 0.0711424
3.95499 1.5523 -0.331187


0.250578 1.75327 0.0594468
4.05852 1.6464 -0.333636


-1.16689 3.45889 1.06013
2.58774 3.33414 0.546333


0.248775 2.05838 0.0754215
4.14704 1.8491 -0.338661


0.239235 2.15299 0.0776646
4.14139 2.04887 -0.336121


0.448773 2.04182 0.057468
4.24867 2.03975 -0.338618


0.248915 2.24032 0.0804384
4.14754 2.15025 -0.337675


-0.445146 1.4589 0.11032
3.43613 1.45035 -0.321198


0.2426 1.55193 0.0519858
4.0444 1.44851 -0.332457


-0.326995 1.78239 0.75681
3.47283 1.78572 0.346229


-0.0562738 1.66717 0.16378
3.86939 1.59398 -0.280677


0.111344 1.78463 0.258562
3.86306 1.63208 -0.148732


0.0673906 1.84077 0.169001
3.84216 1.61595 -0.252223


-0.539534 1.65519 0.133023
3.34967 1.54337 -0.318299


0.236991 1.95948 0.749601
4.03441 1.94342 0.354744


-1.13926 3.34146 1.55965
2.59228 3.325 1.15741


1.44974 3.83706 0.448649
5.34241 3.75622 -0.247006


-0.250888 1.7315 0.152679
3.53612 1.72946 -0.24447


-1.18071 3.46048 0.969122
2.61325 3.35229 0.351515


-1.2292 3.33253 1.06096
2.57868 3.33186 0.339304


0.158503 1.95128 0.357917
4.02615 1.93429 -0.0424712


-1.28362 3.06935 1.15355
2.4858 3.0445 0.652282


-0.122436 1.69646 0.657929
3.85769 1.63497 0.250768


0.183641 1.95815 0.835039
3.97873 1.84057 0.452875


2.26722 3.87344 1.31336
6.17585 3.83533 0.755021


0.232989 1.95634 0.85591
4.03259 1.93943 0.443517


-0.362888 1.8043 0.536864
3.48133 1.766 0.0520803


-0.0428062 1.6841 0.751118
3.67921 1.69737 0.33691


2.14782 3.96539 0.552683
5.9559 3.9888 0.154821


2.26405 3.96277 1.05044
6.24974 3.907 0.457742


-1.15656 3.35316 1.45501
2.58141 3.31433 0.830802


-0.334511 1.7872 0.85155
3.48259 1.78276 0.444158


2.24658 3.93716 1.45761
6.15465 3.95442 1.05231


1.26197 3.95517 0.64033
5.07035 3.93407 0.050874


