-1.08483 3.58043 1.24884
2.68108 3.5318 0.358569


-1.13443 3.35009 1.63576
2.5605 3.24239 0.250608


-1.03388 3.7636 1.44261
2.6193 3.34456 0.85299


-1.12764 3.54778 1.25522
2.39538 2.84973 0.442337


-1.15431 3.46084 1.25076
2.71392 3.5608 0.331481


-1.05506 3.75079 1.3433
2.61761 3.36447 0.739716


-0.981144 3.96762 1.06118
2.52268 3.15232 1.42154


-1.05485 3.74017 1.24265
2.66825 3.45225 1.14886


-1.02222 3.85432 1.15895
2.62478 3.341 1.25674


-1.04112 3.84184 1.05069
2.59287 3.3218 1.05546


-1.125 3.44234 1.55425
2.76114 3.6435 0.157075


0.14929 1.43989 0.056012
3.84995 1.35512 -0.330192


-1.06015 3.74382 1.14732
2.53725 3.14888 0.946588


0.451252 1.94703 0.0498874
4.2501 1.63832 -0.339966


-0.257845 1.3473 0.0900707
3.45049 1.35257 -0.320284


-1.18253 3.35516 1.24086
2.76816 3.64788 -0.146496


-0.140684 1.5561 0.089384
3.75037 1.54949 -0.326208


-1.11427 3.64502 1.06292
2.57635 3.23875 1.04887


0.138896 1.5367 0.0613541
3.75264 1.45453 -0.327649


-0.655266 3.77066 0.239338
3.24518 1.45054 -0.315221


0.154376 1.64814 0.0665952
3.85439 1.55246 -0.323682


-0.244119 1.4365 0.0939827
3.64981 1.35649 -0.329027


-1.27358 2.67274 1.25067
2.65033 3.44025 -0.251042


0.237869 1.65549 0.0570136
4.039 1.55511 -0.332794


0.345607 1.94677 0.0586729
4.15375 1.95649 -0.338392


-0.449779 1.56012 0.119389
3.55096 1.44611 -0.321704


-1.26519 3.14992 1.34452
2.5867 3.32416 0.0584445


0.352093 1.57161 0.042946
3.94838 1.34328 -0.332448


0.351669 1.8442 0.0539755
4.14749 1.75142 -0.33765


-1.06808 3.64946 1.35742
2.6337 3.43748 0.741705


0.335646 2.14481 0.0705646
4.2458 1.94852 -0.339028


-1.12801 3.54948 1.14017
2.47838 3.04273 1.35071


0.236966 1.85155 0.0650825
4.05937 1.76077 -0.333371


-1.11598 3.45122 1.66463
2.49701 3.118 1.16022


-1.04355 3.84758 0.949909
2.39448 2.84886 0.225293


-1.08137 3.56306 1.45709
2.73427 3.65929 0.952359


-0.0506922 1.33316 0.0710711
3.54775 1.35584 -0.323583


-0.0548341 1.44872 0.0764337
3.65194 1.44751 -0.326467


-0.768199 3.75073 0.243619
3.3422 1.43864 -0.318645


-0.985413 3.96061 0.966045
2.52368 3.14476 0.351257


0.0499754 1.55056 0.0711424
3.95499 1.5523 -0.331187


0.250578 1.75327 0.0594468
4.05852 1.6464 -0.333636


-0.0370012 1.55162 0.0824012
3.93724 1.63685 -0.320364


-0.358166 1.64584 0.115027
4.04358 1.85594 -0.331875


-1.16689 3.45889 1.06013
2.58774 3.33414 0.546333


0.248775 2.05838 0.0754215
4.14704 1.8491 -0.338661


0.4526 1.64979 0.0351338
4.04052 1.35263 -0.332032


0.344867 1.66096 0.0462483
3.73929 1.36183 -0.329095


-0.242996 1.56639 0.0966394
3.73774 1.62366 -0.317331


0.239235 2.15299 0.0776646
4.14139 2.04887 -0.336121


0.448773 2.04182 0.057468
4.24867 2.03975 -0.338618


0.248915 2.24032 0.0804384
4.14754 2.15025 -0.337675


-0.843723 3.95208 0.256684
3.44098 1.54532 -0.320465


2.33158 3.95979 0.853646
6.27109 3.864 1.25202


0.352848 1.75697 0.049614
3.95914 1.45266 -0.332376


-0.748693 3.24109 0.214181
3.14395 1.74341 -0.315509


-0.445146 1.4589 0.11032
3.43613 1.45035 -0.321198


-0.858964 3.76038 0.251883
3.35073 1.65147 -0.31609


-1.17161 3.37202 0.946456
2.78117 3.738 0.439185


-0.443316 1.66079 0.123812
3.55558 1.5498 -0.322401


-1.12091 3.6259 1.13807
2.48753 3.0406 0.754768


0.2426 1.55193 0.0519858
4.0444 1.44851 -0.332457


-1.1175 3.62658 0.944262
4.94439 3.1375 -0.348547


-1.15242 3.44934 1.3527
2.80519 3.74483 1.26101


-0.752201 3.65018 0.236043
3.14656 2.03262 -0.318723


-1.1391 3.55014 1.04012
2.3752 2.74548 0.258275


-0.326995 1.78239 0.75681
3.47283 1.78572 0.346229


-0.0562738 1.66717 0.16378
3.86939 1.59398 -0.280677


0.111344 1.78463 0.258562
3.86306 1.63208 -0.148732


2.25068 3.87967 1.55898
6.14833 3.96479 1.35675


-1.23903 2.15638 0.220919
3.14087 1.64448 -0.314249


-1.21119 3.33704 1.24121
2.60519 3.24967 1.03411


-0.836221 2.94974 0.213129
3.22431 2.03894 -0.319819


0.0673906 1.84077 0.169001
3.84216 1.61595 -0.252223


-1.2061 3.35995 1.14037
2.5779 3.31433 1.45238


-0.539534 1.65519 0.133023
3.34967 1.54337 -0.318299


-0.753579 3.85238 0.250526
3.1619 1.55832 -0.310667


-1.22438 3.23501 1.35169
2.40613 2.76914 -0.247838


-0.855378 3.85298 0.255274
3.26223 1.74286 -0.315249


-1.05906 3.74136 1.05658
2.51257 3.06625 0.153572


-0.945183 3.9535 0.266067
3.44294 1.7354 -0.313871


-0.831604 3.65517 0.246796
3.15167 1.8481 -0.318127


-1.15745 2.93639 1.35598
2.68751 3.5498 -0.141024


2.16318 3.98824 1.14379
6.23974 3.91471 0.655091


-1.01234 3.94457 0.956347
2.3961 2.84309 0.347241


-1.1233 3.53653 1.34542
2.41444 2.7946 -0.0503592


2.33973 3.96434 0.946779
6.24848 3.864 1.34714


-0.151958 1.62411 0.0958575
3.96703 1.74256 -0.328007


-1.28506 3.05509 1.34681
2.8088 3.7462 1.45441


-1.10671 3.70625 0.840059
2.52055 3.13645 0.256242


-1.33949 3.14667 0.451366
5.27938 3.77353 -0.158652


-0.337243 1.55617 0.108028
3.64861 1.55145 -0.323638


0.211884 1.97874 0.229804
2.77601 3.738 0.559165


-1.07397 3.65654 1.15055
2.48539 3.046 1.06687


-1.23811 3.24614 1.14807
2.47938 3.04717 0.0385766


-1.25537 2.23233 0.22094
3.23935 1.54076 -0.313567


-0.952282 3.74936 0.259542
3.35161 1.73789 -0.318635


-1.05294 3.55376 1.63604
2.65081 3.44548 0.946082


2.06162 3.9572 1.57266
6.15835 3.95988 0.751004


1.73792 2.94645 -0.0272067
2.62749 3.35784 -0.144619


1.05428 3.25937 0.0475981
2.47807 3.04343 0.352018


0.339424 2.25127 0.0754231
4.2503 1.85528 -0.339838


1.25054 3.12681 0.0210827
2.37444 2.7481 -0.161309


-1.34195 2.74565 0.658534
2.76735 3.738 1.48096


-1.16376 2.1331 0.210279
5.05987 3.23964 -0.354145


1.14545 3.15021 0.0317228
2.42376 2.85532 0.0559407


1.18548 3.95724 0.162035
2.77884 3.738 0.66303


-1.05724 3.56569 1.53999
2.75425 3.66783 1.34564


2.15507 3.96962 0.850806
6.22186 3.907 0.350149


-0.958262 3.83435 0.259742
3.45634 1.64325 -0.319241


-0.151603 1.46116 0.0887944
4.1567 1.65014 -0.337192


1.4274 3.05522 0.00412836
2.41973 2.85308 -0.146642


0.236991 1.95948 0.749601
4.03441 1.94342 0.354744


2.33931 3.96606 1.05468
4.84342 3.83892 0.134062


-0.357962 1.80489 0.455629
4.02533 1.92779 0.0334447


1.55077 2.75638 -0.0149847
2.51905 3.15488 1.36039


0.0443305 1.44892 0.0663741
4.14667 1.5508 -0.333299


0.144486 1.86154 0.0799705
3.64057 1.63977 -0.319528


-1.06597 3.65138 1.23722
2.46229 2.96938 1.32514


1.26637 2.92983 0.0128208
2.57402 3.23483 0.941858


-1.04494 3.75822 0.268567
3.93537 1.74627 0.558152


-1.08364 3.76185 0.546393
5.34893 3.76165 0.0465205


-0.959627 3.04653 0.226463
4.03151 1.93911 0.6565


-1.27122 2.8362 0.376005
6.15839 3.96402 0.844061


-1.33426 3.14649 0.642053
4.06151 1.94221 -0.326472


-1.34983 2.93949 1.14823
2.80623 3.74971 1.16001


-0.533151 1.54038 0.125654
3.17784 1.94953 -0.31856


-1.3776 2.82497 0.46841
2.77836 3.62944 -0.310249


-1.08493 3.74994 0.848867
2.48449 3.0478 0.430226


-1.32783 2.63031 1.17439
2.72573 3.56154 -0.23975


-0.35447 1.8047 0.354141
4.03092 1.93569 -0.152236


0.18441 2.13205 0.0835911
3.84429 1.4502 -0.328296


2.24332 3.94344 0.644087
2.81032 3.65267 0.1498


-1.3679 2.4595 1.05122
2.75478 3.7544 0.867305


-1.30916 3.04629 1.34869
2.77989 3.75508 1.33977


0.750779 3.87005 0.542484
5.97051 3.98742 0.238713


-0.735076 3.9547 0.249407
3.24531 1.65405 -0.315131


1.34131 3.26748 0.0170314
4.24676 1.75191 -0.339758


1.46994 3.14753 0.0405
2.80889 3.698 1.38059


-0.949278 3.65942 0.256896
3.3513 1.85924 -0.318396


-1.26786 3.14785 1.25143
2.65728 3.43786 -0.157818


-1.42135 2.7483 1.32396
2.58626 3.31167 -0.246985


1.54774 2.84648 -0.0163492
2.68911 3.53231 1.05475


-1.13926 3.34146 1.55965
2.59228 3.325 1.15741


1.46425 3.03619 -0.00500308
2.39283 2.82857 -0.161519


1.77369 3.13963 0.0614113
2.45593 2.85594 -0.315071


1.45535 2.95697 -0.0049157
2.43205 2.86651 -0.0588853


-1.23871 3.23987 1.24916
2.76849 3.6305 0.0520394


1.44974 3.83706 0.448649
5.34241 3.75622 -0.247006


-0.250888 1.7315 0.152679
3.53612 1.72946 -0.24447


2.25806 3.96945 0.950778
6.24768 3.86195 0.243517


-1.43789 2.46576 1.1484
2.74267 3.57067 1.61769


-1.18658 3.35787 1.16366
2.77399 3.74483 0.766263


-1.06664 3.63993 1.4476
2.62435 3.34973 0.959858


-1.1207 3.64577 0.843173
2.45289 2.95533 0.246192


-1.18071 3.46048 0.969122
2.61325 3.35229 0.351515


1.13466 3.05073 0.0289858
2.40945 2.77935 0.253251


-1.42121 2.841 0.940243
2.47462 3.03329 -0.157949


-1.31924 3.23238 0.450033
3.7673 1.68469 0.727755


-1.16052 2.32886 0.219784
3.25284 1.85534 -0.320539


-1.04349 3.60939 1.62489
2.47034 2.942 -0.315909


1.36456 3.44471 0.0329022
2.39697 2.8358 0.0163392


-1.45459 2.56579 1.24561
2.65834 3.436 -0.31699


-1.04904 3.34517 0.260721
3.98674 1.85381 0.554389


-1.2292 3.33253 1.06096
2.57868 3.33186 0.339304


1.34447 3.15129 0.0135151
2.61591 3.34774 0.0379959


-1.17111 2.95436 1.14446
2.5585 3.23919 -0.0555711


-1.35858 2.85547 1.14118
2.63446 3.33833 -0.31968


1.64599 2.85848 -0.0236068
2.73951 3.65935 1.14867


-1.07994 3.46432 1.65246
2.51747 3.0622 0.753871


-0.946016 3.1592 0.234541
4.03307 1.94462 0.749438


-1.37415 2.55858 0.645478
5.32704 3.821 0.0713947


0.158503 1.95128 0.357917
4.02615 1.93429 -0.0424712


1.44457 3.75383 0.0391009
3.86226 1.64948 0.557641


-0.446327 1.75788 0.138969
3.63264 1.73541 0.742993


-1.38018 2.83813 0.543337
3.75339 1.68668 0.554685


-1.32674 2.95464 1.36363
2.6536 3.44338 -0.0409538


2.23579 3.95058 0.849212
5.14212 3.907 0.0482173


0.173387 1.92771 0.642547
3.85442 1.63837 0.146662


-1.34023 2.75206 0.450856
6.14293 3.93325 1.75323


-1.25796 2.75117 1.35105
2.77356 3.75742 0.947399


1.56606 3.05112 -0.00946588
2.62049 3.341 -0.252896


-1.14123 3.04717 1.34009
2.77308 3.74523 1.14936


2.08259 3.98161 0.671087
4.63198 3.91825 0.144637


0.156 1.94752 0.0807495
3.5437 1.65224 -0.320312


-1.28362 3.06935 1.15355
2.4858 3.0445 0.652282


-1.31063 3.03961 1.24065
2.67608 3.54632 0.648586


1.35252 3.05781 0.00905999
2.46299 2.962 0.0571846


-1.35596 2.35612 0.232006
3.98554 1.84713 0.644668


-0.639332 1.84677 0.149148
3.5493 1.76588 0.7566


-1.1525 3.55491 0.953084
2.42112 2.87158 0.440338


0.256863 2.33819 0.0828866
2.50362 3.0676 0.229681


-0.122436 1.69646 0.657929
3.85769 1.63497 0.250768


1.63745 3.04822 -0.018249
2.57355 3.24142 -0.257382


0.0606224 1.74702 0.156542
2.57472 3.313 -0.151547


-0.128866 1.69638 0.740864
3.85809 1.63901 0.342251


2.16473 3.89496 1.84898
4.5527 3.91021 0.136578


-1.22964 3.15488 1.53469
2.61828 3.357 0.1466


-1.34841 2.56067 1.25021
2.82535 3.67043 1.56044


-1.12021 3.73483 0.277447
3.94375 1.75996 0.652147


-1.34308 2.63665 1.05285
2.42692 2.7968 0.854087


1.33714 2.94519 0.00717591
2.42346 2.871 0.143646


-1.33506 3.14525 0.347906
2.71932 3.57375 0.228262


1.55422 2.94561 -0.0106888
2.56435 3.24943 0.0419444


0.172545 1.94733 0.75113
3.85425 1.64099 0.0458046


-1.43668 2.74045 1.0565
2.69435 3.53263 -0.0272929


2.34127 3.94642 1.24619
6.23605 3.91174 0.153584


-1.11829 3.53864 1.43254
2.38991 2.67617 1.14245


2.2445 3.8774 1.84123
3.75945 1.68672 0.655327


0.645402 3.85283 0.111978
2.5212 3.14797 0.147532


0.725567 3.86872 0.107274
2.39659 2.85431 0.170347


1.34825 3.93411 0.150914
2.73254 3.43644 -0.327627


-0.64529 1.64915 0.140744
3.24726 1.94735 -0.319629


0.129933 1.85747 0.150935
3.54873 1.73112 -0.156715


2.34263 3.96366 1.63734
6.26095 3.864 0.343537


-1.37931 2.45548 1.16078
2.45563 2.96729 1.24945


-0.234857 1.75821 0.741693
3.855 1.63507 -0.0449446


1.37188 2.93125 -0.00262431
2.52178 3.13753 0.0563679


-1.20341 3.4338 0.856217
2.48303 3.05275 0.260592


-1.06494 3.24625 0.345099
6.09414 3.975 0.838234


1.25065 3.93815 0.0590704
2.80925 3.64317 0.043541


2.25011 3.94684 1.64545
6.04121 3.93531 1.74273


-1.43939 2.43811 0.836118
5.53512 3.99225 0.160724


1.35083 3.86964 0.555272
5.34351 3.76143 -0.144327


-1.2857 2.73952 0.531799
3.85734 1.64365 0.441245


-1.22153 3.22348 1.45072
2.64722 3.4362 0.0481815


-1.51956 2.5506 1.15002
6.22984 3.92424 1.05079


1.5533 3.14069 -0.00711564
2.71804 3.5665 -0.154379


1.14294 3.24443 0.0388801
2.42731 2.86784 0.354091


-1.27018 2.67197 0.949069
4.75528 3.8597 0.129775


2.15557 3.99565 0.933894
6.23624 3.92202 1.55585


-1.36982 2.75294 1.33288
6.06152 3.97756 0.256228


-1.2583 2.74643 1.25052
2.64697 3.45124 0.558036


0.143536 1.8451 0.753604
3.63338 1.72158 0.34546


-1.1075 3.15218 1.26305
2.48418 3.05168 1.24891


2.15272 3.95147 1.64828
6.15175 3.95883 0.651575


2.26207 3.85204 0.0726509
3.46465 1.75532 -0.255829


0.147824 2.00994 0.237648
5.45898 3.83943 -0.336945


-1.45071 2.65048 0.75204
5.2828 3.779 0.148575


-1.0549 3.85003 0.27686
3.90489 1.67073 0.65841


2.34705 3.97856 0.666741
6.26136 3.864 1.53861


-1.52376 2.56159 0.450718
6.15074 3.96926 0.948316


1.34384 3.95344 0.346491
5.36042 3.77269 -0.325626


1.77504 3.07895 0.0154365
2.69007 3.52488 -0.261709


0.124727 1.84371 0.23689
3.55385 1.73177 -0.0455027


0.183641 1.95815 0.835039
3.97873 1.84057 0.452875


-1.13052 3.05891 1.05781
5.3609 3.91109 -0.351154


-1.07068 3.14201 1.52495
2.64912 3.44555 0.152209


-1.25436 3.14871 1.44302
2.37647 2.74923 -0.252546


2.26722 3.87344 1.31336
6.17585 3.83533 0.755021


0.437945 2.26446 0.0703205
2.48184 3.04986 0.155809


2.24223 3.87983 1.74299
5.14434 3.907 -0.151145


0.232989 1.95634 0.85591
4.03259 1.93943 0.443517


-1.36965 2.93589 0.529711
6.15233 3.95231 0.448772


-1.23599 2.8556 0.562864
5.33917 3.821 0.15466


-0.362888 1.8043 0.536864
3.48133 1.766 0.0520803


-1.06844 3.16521 1.25029
2.81218 3.6915 0.442226


-1.45876 2.65574 0.638597
6.25699 3.864 0.439403


-1.27818 3.0662 1.2325
2.64388 3.44737 0.841235


-1.21753 3.02834 0.439009
3.85416 1.65301 0.73997


-1.16716 3.246 1.5421
2.74703 3.65631 1.62821


-1.52743 2.58522 0.853635
6.06168 3.98048 0.333428


-1.07939 3.84372 0.548421
3.76505 1.67517 0.458922


-1.23036 3.34226 0.946844
5.4552 3.046 -0.345923


-1.03785 3.93592 0.277467
3.94183 1.75724 0.753178


-1.51439 2.57734 0.649347
3.64972 1.73033 0.646433


-1.23755 2.34903 0.223243
3.98197 1.84579 0.745642


2.34777 3.96424 1.4527
6.14904 3.94391 -0.0633893


-0.156279 1.73313 0.751938
3.93613 1.74864 0.444975


-1.3673 2.75204 0.857155
5.44342 3.95994 0.248259


2.06233 3.95613 1.85516
6.17448 3.84967 -0.156933


-0.15579 1.72634 0.653162
3.472 1.76315 -0.0476488


-1.08254 3.86504 0.438373
3.90709 1.67961 0.744315


-1.08671 3.0607 1.36365
2.74952 3.66746 0.650885


0.457318 2.14981 0.0575306
2.68433 3.53044 0.24491


2.26783 3.87214 1.26128
5.36653 3.75932 -0.0468914


-1.45 2.64113 0.939376
6.08422 3.97709 0.951005


1.97728 3.99246 1.86355
6.33436 3.95216 1.65412


2.15056 3.94036 1.85093
5.87208 3.998 -0.0905367


-1.42954 2.44642 0.742974
5.23352 3.83852 -0.0492334


1.45423 3.46336 0.118449
2.72597 3.58082 0.0595852


-1.36391 2.85229 1.06215
6.04876 3.9583 0.16096


-1.35519 2.63831 1.26328
2.55836 3.1499 -0.316271


-1.39312 2.43993 0.755884
5.1623 3.85594 0.0632611


-1.45858 2.56242 0.736943
5.55719 3.96464 -0.334363


-1.35453 2.85492 1.25371
2.62446 3.341 1.51232


-1.16814 2.95068 1.24651
6.08092 3.916 -0.221356


-1.32763 2.63464 0.749547
5.34816 3.76096 0.146226


2.25869 3.97238 1.34464
6.15606 3.94493 1.25411


2.16138 3.96859 0.759022
6.09338 3.99033 0.635872


0.755757 3.6686 0.0907892
2.4675 2.96203 0.145905


-1.11905 3.72447 0.651547
3.47931 1.78857 0.747414


1.665 3.13054 -0.0156321
2.49215 3.0424 -0.248863


-1.06288 3.85836 0.648515
3.54465 1.76644 0.653813


-1.35736 2.53902 1.05295
2.6521 3.46007 1.5407


2.15804 3.96859 0.649954
5.23135 3.82661 -0.241908


-1.02522 3.94676 0.742957
3.48504 1.7834 0.557792


-1.28652 2.75411 0.451083
3.8561 1.65346 0.643758


-1.15291 2.54343 0.229477
3.54386 1.73927 0.044454


-1.27461 3.17346 0.940639
2.63169 3.43697 0.347647


-1.42072 2.82572 1.15345
2.56203 3.23844 -0.150518


-1.38373 2.44877 0.845571
6.33686 3.998 1.81674


-1.16169 3.54585 0.459562
2.37436 2.67792 0.936256


-1.18047 3.35261 1.36262
2.63679 3.44525 0.443991


-1.04551 2.53089 0.216303
4.03283 1.94207 0.841754


-0.0428062 1.6841 0.751118
3.67921 1.69737 0.33691


2.18063 3.88467 1.63378
6.24967 3.864 1.06233


-1.1908 2.87108 1.14409
2.68535 3.54507 1.14874


-1.15585 3.1525 0.258171
3.46775 1.76423 -0.159999


0.551708 1.94611 0.0421286
2.58205 3.331 0.251745


-1.44715 2.84795 0.556338
3.64018 1.73043 0.555723


-1.05169 3.55788 1.72969
2.41233 2.62567 1.14775


-1.47266 2.62725 0.361388
5.25208 3.8425 -0.327811


-1.42216 2.46129 0.545231
5.12426 3.907 -0.0116944


-1.4567 2.65403 0.854572
6.1465 3.9214 -0.247469


-1.26753 2.87633 1.04312
6.13984 3.95416 0.154076


1.74154 3.18814 0.12159
5.11876 3.94447 0.165445


2.26174 3.94865 0.742549
6.17606 3.84055 -0.222515


-1.06837 3.15935 1.36475
2.64886 3.42912 1.4554


2.34969 3.94964 0.542181
6.21857 3.779 -0.234545


1.55136 3.23852 -0.00381193
2.62043 3.33544 -0.0533608


1.23956 3.35713 0.031275
2.5892 3.321 0.959733


1.75119 3.05778 -0.0215927
2.76144 3.64596 -0.0559103


-1.27687 2.75878 0.649584
5.14498 3.864 0.148538


-1.53051 2.63325 0.648463
5.15897 3.85325 -0.245989


-0.861787 3.16567 0.219168
6.0486 3.99493 0.531963


1.65124 3.2539 0.130053
2.38806 2.8266 0.578806


1.44145 3.45448 0.0506169
2.81482 3.6438 -0.0267629


2.23653 3.94912 0.255619
6.07836 3.975 0.457948


2.24937 3.92342 1.91489
4.65557 3.864 0.144046


1.06757 3.35152 0.0481358
2.62741 3.34405 1.05097


-1.3095 3.22928 0.542379
5.12706 3.907 -0.254229


-1.23369 2.94897 1.03838
2.75199 3.64751 0.351927


-1.2505 2.84912 0.26193
2.7186 3.57731 1.15495


-1.15898 3.45925 1.15031
2.38003 2.67671 1.04609


1.84021 3.24088 -0.0198974
2.77423 3.641 -0.241216


-1.36242 2.85959 0.749781
6.13849 3.92816 -0.152899


1.72332 3.2431 0.225838
5.96604 3.98039 -0.234981


-1.14898 3.34333 0.308256
3.90281 1.67172 0.435802


-1.45323 2.54523 0.859957
5.52435 3.96925 -0.268298


-1.3539 2.95917 1.0455
2.55388 3.2509 1.44244


2.14782 3.96539 0.552683
5.9559 3.9888 0.154821


1.74379 3.23502 -0.017023
2.4246 2.86007 -0.25111


-1.35329 2.85296 0.65815
3.63848 1.72603 0.449718


-1.44893 2.74045 0.651416
5.15184 3.84376 -0.333323


-1.26603 3.1616 1.05441
2.76476 3.64909 0.249024


0.750919 3.75539 0.0955361
2.63 3.35124 1.14669


-1.15869 2.43402 0.220401
4.03335 1.93779 0.54788


2.26925 3.87014 1.64036
2.74722 3.67182 0.540183


-1.02832 3.94867 0.647264
3.5448 1.766 0.554822


1.51035 3.82745 0.244066
5.07557 3.92085 -0.246086


1.5686 3.36504 0.126013
6.13269 3.95116 1.44626


-0.756448 1.75962 0.154442
2.6874 3.53473 0.153155


1.04124 3.83763 0.556091
5.26536 3.77187 -0.252654


-1.15467 3.6401 0.338056
6.24181 3.92336 0.270747


-1.36029 3.04727 0.340371
5.41701 3.7421 0.143965


1.74745 3.15756 -0.0201425
2.71814 3.56986 0.140288


0.942354 3.9625 0.609683
4.92705 3.76323 0.129188


-1.4508 2.53277 0.952127
5.41873 3.76362 0.0514326


1.84401 3.14396 -0.0249446
2.72623 3.56295 -0.0483875


-1.17121 3.2426 1.6139
6.25219 3.917 -0.065269


1.36715 3.87117 0.457119
4.84824 3.8554 0.0695824


-1.10966 3.71348 0.78298
2.61753 3.35929 0.241522


-1.26831 3.2593 0.45526
6.08873 3.9796 1.36371


1.14812 3.34825 0.0411237
2.49452 3.1178 1.37086


-1.06787 3.1599 1.1422
2.38254 2.83871 0.732775


-1.36177 2.76707 1.03535
5.2574 3.8468 0.216516


0.182312 1.94646 0.929205
3.55731 1.75914 0.45326


2.26405 3.96277 1.05044
6.24974 3.907 0.457742


2.31856 3.95474 0.756838
6.2469 3.95216 1.75116


-1.21882 2.93457 0.776074
6.14739 3.95757 1.15437


2.27478 3.88084 1.4607
6.27311 3.864 1.16898


1.53793 3.18327 0.114097
2.50747 3.046 -0.252834


-1.14521 3.63858 0.545503
5.34833 3.84107 -0.345366


-1.37292 2.48013 1.21272
5.97239 3.963 -0.0816364


-1.34812 2.72907 0.748971
5.42529 3.7585 -0.257791


-1.11167 3.13798 1.13841
2.65233 3.442 1.05632


-1.42637 2.83669 1.04552
2.7165 3.57313 1.24686


-1.35974 3.03898 0.646841
4.65426 3.8597 0.0770182


1.63914 3.24401 -0.0109235
2.77329 3.75167 1.25406


0.539053 1.85946 0.036853
2.68048 3.54284 0.952757


1.66373 3.27287 0.0889934
2.50452 3.055 -0.155129


-1.38197 2.45246 0.940803
5.81645 3.998 -0.239245


0.76002 3.94844 0.10777
2.5781 3.245 1.24345


2.27282 3.88069 1.91526
5.42724 3.76212 -0.043983


-1.28165 2.74081 1.04321
2.51073 3.0685 0.850551


1.34065 3.9529 0.634899
3.75505 1.67303 0.353134


0.945874 3.44757 0.0615947
2.57152 3.24519 0.853639


-1.26298 2.7403 1.15286
5.24948 3.84404 -0.1509


-0.773727 1.84512 0.159598
2.58168 3.24467 1.15873


-1.15656 3.35316 1.45501
2.58141 3.31433 0.830802


-1.02958 3.93295 0.85595
2.56327 3.23841 0.444761


2.32974 3.93932 1.14904
3.90243 1.66597 0.344659


-0.334511 1.7872 0.85155
3.48259 1.78276 0.444158


-1.24397 3.34418 0.844536
2.56595 3.2512 1.35287


-0.640092 2.0491 0.160326
2.52926 3.14329 1.24581


-1.44938 2.65169 1.13884
6.257 3.94024 1.64674


-1.12353 3.03399 1.44488
2.5684 3.24384 0.640457


-0.744715 1.93613 0.159482
2.64202 3.43827 0.253099


-1.23699 2.96683 0.344599
5.36643 3.94523 0.236727


2.34359 3.96227 1.83773
5.24002 3.76761 -0.0624779


-1.42875 2.45857 0.44085
5.18275 3.864 -0.157013


-1.43542 2.75523 1.14563
2.69241 3.54437 1.54828


-0.656683 3.95316 0.244106
2.50761 3.061 0.649983


-1.38105 2.55859 0.551307
5.15176 3.95827 0.218518


-1.31614 3.11875 0.943217
2.53316 3.14745 1.143


2.05899 3.96668 1.93866
4.56689 3.86009 0.0798448


2.25224 3.95757 1.24615
5.95193 3.94978 1.76261


2.05556 3.95329 1.64975
6.1652 3.951 0.555882


-1.32975 2.63559 0.863693
6.23583 3.83035 -0.242444


-1.12579 3.14824 0.561301
6.24209 3.92152 0.553505


1.5413 3.35425 0.0567015
5.53051 3.98486 -0.0482985


0.532299 1.75465 0.0326034
2.53768 3.14003 1.04704


-1.34307 2.5394 1.15707
6.08325 3.9751 1.44158


-1.15798 2.9407 1.42939
2.77562 3.74386 1.04347


-1.42191 2.38861 1.17124
5.08294 3.922 -0.320281


2.24658 3.93716 1.45761
6.15465 3.95442 1.05231


-1.33093 3.06696 0.754035
6.1492 3.94975 0.260609


0.0487947 1.66677 0.650491
6.2663 3.864 0.152932


-1.15491 3.53923 0.747135
2.59136 3.325 1.35158


2.06644 3.95617 1.47391
5.23542 3.84156 0.152955


0.180374 2.03699 0.0818112
2.6878 3.53494 0.0597466


-1.4366 2.54272 0.66169
5.3496 3.84107 0.216005


-1.27677 3.06356 1.46079
2.67838 3.5318 1.4515


0.952136 3.85612 0.545889
6.23726 3.85032 -0.136482


-1.4661 2.64908 0.44968
6.14424 3.94859 0.35139


2.32555 3.93249 1.92563
6.11757 3.85171 1.73845


2.26039 3.84459 0.157977
6.25531 3.864 1.45356


-0.635413 1.96623 0.154528
2.6784 3.53565 0.850784


2.33753 3.96105 1.3691
6.06184 3.95351 1.64996


-1.34849 2.95145 0.335832
5.12413 3.917 -0.321957


-1.25572 3.25161 0.965146
2.43393 2.86068 1.14978


-0.255506 1.66365 0.112658
2.4565 2.96087 -0.237466


-1.0666 3.21224 1.03837
5.53232 3.97829 0.0476607


-1.47041 2.5463 1.05884
2.43163 2.86453 1.0534


-0.758852 1.65565 0.151647
2.61179 3.3602 0.463846


-1.17936 3.46349 0.856655
2.65773 3.44133 1.35543


0.8499 3.75837 0.0855964
2.53781 3.14885 0.749342


-1.33878 2.64177 0.654167
6.22984 3.907 1.15995


2.1449 3.95421 1.46095
6.23421 3.912 0.72196


0.859612 3.83431 0.0879633
2.47908 3.04316 -0.0397628


1.92353 3.7251 -0.00930577
5.15052 3.85683 -0.0521263


-0.550342 1.33393 0.114394
2.48635 3.046 1.14565


-1.09162 3.65816 0.838939
2.48621 3.046 0.849467


2.26114 3.95901 1.83495
5.24819 3.83903 0.0534672


-1.08596 3.7602 0.753411
2.68493 3.5427 1.24902


0.0782446 1.82549 0.0886703
2.52375 3.14221 -0.254163


0.458332 1.74755 0.0391122
2.46078 2.96288 -0.0521287


-1.06283 3.15128 1.4505
2.5319 3.14802 -0.141483


-1.28152 3.16365 0.858318
4.74526 3.83754 0.0801389


1.55639 3.8336 0.0361638
6.06602 3.95483 -0.153571


0.842312 3.64649 0.0804277
2.62116 3.341 1.35268


-1.51447 2.63366 0.928392
2.37098 2.75338 0.852116


0.0458121 1.65191 0.0843583
2.45533 2.96984 -0.150685


1.6309 3.34659 -0.00949125
2.73318 3.65144 0.856933


0.18448 1.85303 0.910444
5.08508 3.94196 -0.0542924


2.25901 3.96547 0.0529271
6.2374 3.9255 1.36335


-1.15784 3.48951 0.47214
5.47205 3.84011 0.0294056


-1.28122 3.25406 0.572526
4.47133 3.9252 0.0875532


1.43769 3.33666 0.751904
5.24431 3.93413 0.229815


-1.45168 2.75291 0.854839
2.43343 2.85983 0.941728


-1.27807 2.65303 1.31122
6.22177 3.77217 -0.166924


-1.42184 2.92837 0.272609
5.9884 3.975 -0.119293


-1.28366 2.65678 1.13595
2.68683 3.5395 0.542164


2.25367 3.95606 1.54709
6.08028 3.84787 1.72887


-1.53553 2.6479 0.345112
6.24034 3.907 1.44309


1.35067 3.95607 0.0631159
6.06983 3.95094 1.54767


1.43907 3.22205 0.0284705
6.23904 3.92035 1.24566


-1.17397 3.37838 1.05121
5.08674 3.93113 0.15215


1.26197 3.95517 0.64033
5.07035 3.93407 0.050874


