3.3536 0.779812 -0.272552
3.47533 0.753096 -0.280372
3.66354 0.764271 -0.295755
3.7627 0.756531 -0.303495
3.87547 0.747717 -0.306822
3.94868 0.770186 -0.312044
4.05175 0.751668 -0.317455
4.18218 0.772646 -0.332817
3.26694 0.892126 -0.275406
3.39702 0.86558 -0.279063
3.4551 0.874379 -0.282181
3.55743 0.870791 -0.290101
3.6675 0.874808 -0.298699
3.76425 0.8729 -0.307536
3.85573 0.873443 -0.312636
3.96834 0.865356 -0.320149
4.06745 0.861519 -0.325196
4.16119 0.875269 -0.333437
4.25827 0.867591 -0.340521
4.35279 0.874616 -0.347857
3.19845 1.00663 -0.271047
3.23522 0.976533 -0.270753
3.3573 0.970259 -0.282007
3.45764 0.967549 -0.286997
3.55482 0.952109 -0.294057
3.66216 0.97343 -0.301242
3.77955 0.967459 -0.307516
3.84055 0.954389 -0.315328
3.96548 0.966351 -0.321753
4.04926 0.957143 -0.327964
4.17123 0.948568 -0.337748
4.2819 0.981305 -0.347572
4.38784 0.947015 -0.353999
3.18859 1.07639 -0.272947
3.28029 1.07173 -0.279902
3.36199 1.08817 -0.287584
3.46808 1.08779 -0.291688
3.54558 1.06256 -0.297438
3.67892 1.06331 -0.305442
3.78839 1.06376 -0.312392
3.86429 1.05859 -0.319113
3.97961 1.05355 -0.327811
4.05956 1.07443 -0.333021
4.17722 1.06641 -0.341563
4.26522 1.04984 -0.348068
4.37656 1.06003 -0.355081
4.44977 1.07408 -0.361035
3.18273 1.17482 -0.274771
3.29027 1.18215 -0.281802
3.36036 1.18497 -0.283178
3.45467 1.19062 -0.284335
3.38355 1.15647 -0.289062
3.45878 1.18012 -0.293828
3.56163 1.17355 -0.300972
3.65873 1.1509 -0.307696
3.75999 1.17634 -0.313696
3.86746 1.17861 -0.321436
3.98341 1.17314 -0.331281
4.06662 1.16378 -0.335887
4.15764 1.15859 -0.342231
4.26565 1.16034 -0.350469
4.37697 1.15978 -0.356998
4.48554 1.15309 -0.364886
3.08337 1.28247 -0.26888
3.15832 1.28549 -0.273277
3.26706 1.26083 -0.281454
3.36748 1.27608 -0.287498
3.48941 1.26558 -0.298938
3.56015 1.26967 -0.300012
3.68251 1.27437 -0.31078
3.7675 1.25225 -0.313293
3.87194 1.26399 -0.323678
4.00269 1.26576 -0.33296
4.07565 1.25699 -0.338919
4.16807 1.24925 -0.344604
4.2771 1.25677 -0.352007
4.45727 1.27074 -0.365153
4.55522 1.24673 -0.372131
2.96789 1.38414 -0.260886
3.07536 1.38394 -0.269687
3.172 1.36881 -0.276127
3.27617 1.35389 -0.281762
3.37371 1.3842 -0.291767
3.46643 1.36677 -0.294137
3.57479 1.35878 -0.301962
3.66766 1.38214 -0.306745
3.76454 1.36794 -0.316022
3.86389 1.36648 -0.323822
3.96895 1.35575 -0.331157
4.05959 1.36126 -0.338387
4.17629 1.35828 -0.349518
4.27879 1.35126 -0.354844
4.36134 1.36979 -0.360506
4.47237 1.38013 -0.366271
4.5604 1.36663 -0.373651
4.58467 1.32652 -0.374276
4.64086 1.34294 -0.379731
2.95752 1.4899 -0.260562
3.04793 1.47112 -0.26761
3.15813 1.47209 -0.273999
3.28631 1.46739 -0.284096
3.37001 1.48584 -0.28982
3.48272 1.48003 -0.29833
3.5773 1.48853 -0.30826
3.67963 1.47677 -0.312468
3.78338 1.47083 -0.316775
3.87057 1.46816 -0.325961
3.95952 1.4528 -0.332752
4.06357 1.46634 -0.340799
4.17345 1.48429 -0.348695
4.27793 1.44648 -0.356357
4.37163 1.47221 -0.363928
4.46303 1.46758 -0.367648
4.56784 1.46406 -0.374408
4.65955 1.45502 -0.381131
4.74435 1.48114 -0.386291
3.74719 1.65331 0.415615
3.86331 1.63943 0.414319
3.67872 1.66176 0.327865
3.76439 1.64939 0.340889
3.85521 1.62088 0.348469
3.68697 1.65602 0.245289
3.76308 1.63702 0.231874
3.85798 1.62425 0.2438
3.77099 1.62354 0.141009
3.86021 1.61466 0.139076
3.69598 1.63794 0.0269818
3.75583 1.62533 0.0403576
3.85039 1.60244 0.0386402
3.69963 1.63363 -0.0522961
3.77341 1.60427 -0.0776601
3.85898 1.6013 -0.0598054
3.76179 1.60614 -0.147316
3.84231 1.5878 -0.15463
2.8829 1.58373 -0.25812
2.95661 1.58423 -0.263592
3.06139 1.58634 -0.271246
3.17509 1.57801 -0.279099
3.28105 1.58249 -0.284822
3.3775 1.58651 -0.292217
3.46265 1.57017 -0.298018
3.56553 1.58678 -0.299286
3.66842 1.59044 -0.284593
3.76362 1.59192 -0.24403
3.84521 1.59752 -0.244913
3.66897 1.54517 -0.310965
3.76726 1.53887 -0.31793
3.86725 1.57021 -0.319876
3.97612 1.56417 -0.334873
4.05989 1.57004 -0.343046
4.16715 1.57372 -0.351738
4.27497 1.56077 -0.359611
4.35598 1.5424 -0.365942
4.47354 1.55254 -0.371469
4.57566 1.55049 -0.375791
4.67405 1.56208 -0.380996
4.77338 1.57376 -0.39179
3.47173 1.762 0.427327
3.55411 1.73488 0.420407
3.64997 1.70282 0.40929
3.94063 1.72628 0.418759
3.48126 1.75057 0.333339
3.57344 1.72451 0.32202
3.65149 1.69945 0.33575
3.93308 1.7171 0.335707
3.46744 1.74642 0.228256
3.5798 1.70305 0.22657
3.65406 1.68582 0.237715
3.89106 1.70756 0.235709
3.94635 1.72679 0.240211
3.4713 1.72848 0.109376
3.56058 1.70975 0.124752
3.64555 1.67586 0.137507
3.87957 1.69864 0.131586
3.93372 1.71068 0.139533
3.46277 1.73094 0.031185
3.56753 1.69875 0.0220606
3.6637 1.66738 0.0408111
3.87494 1.68713 0.041452
3.93415 1.70931 0.0593272
3.46742 1.71879 -0.0804059
3.55439 1.68972 -0.0641144
3.6412 1.66921 -0.0653908
3.88141 1.6792 -0.0791962
3.93208 1.71632 -0.0665535
3.47966 1.71392 -0.178403
3.57158 1.682 -0.161964
3.64881 1.65326 -0.161781
3.8719 1.67194 -0.166715
3.93042 1.71405 -0.153818
2.7856 1.68021 -0.255081
2.86825 1.68752 -0.262259
2.96448 1.6898 -0.269139
3.0649 1.69023 -0.275587
3.15528 1.67921 -0.278342
3.26527 1.65781 -0.285768
3.37524 1.68444 -0.283875
3.48148 1.68347 -0.273456
3.57003 1.6572 -0.263954
3.64846 1.64276 -0.238207
3.88153 1.66995 -0.254118
3.88378 1.65955 -0.324732
3.9533 1.65936 -0.335162
4.07363 1.66763 -0.347086
4.17612 1.66965 -0.354833
4.2817 1.65851 -0.362267
4.35587 1.66443 -0.367574
4.46303 1.65984 -0.374858
4.56131 1.65185 -0.380199
4.68033 1.6768 -0.385158
4.73539 1.66172 -0.386597
4.785 1.65004 -0.394165
3.99 1.82676 0.49327
3.48556 1.78658 0.432618
3.95326 1.82194 0.427209
3.4836 1.7827 0.36147
3.95242 1.80838 0.336466
3.95537 1.81167 0.233191
3.45045 1.75752 0.111649
3.91148 1.76823 0.145179
3.9698 1.8164 0.133898
3.45716 1.75243 0.0306999
3.95223 1.80302 0.0432785
3.46288 1.74518 -0.0704276
3.90166 1.77892 -0.0670277
3.95365 1.79075 -0.0598081
3.89087 1.76843 -0.168679
3.94493 1.77135 -0.179211
2.77205 1.78887 -0.258274
2.8714 1.78091 -0.267212
2.97229 1.76506 -0.272018
3.04846 1.77605 -0.276743
3.18307 1.77568 -0.284236
3.2603 1.78079 -0.287141
3.36987 1.75724 -0.285914
3.88907 1.76427 -0.248015
3.95218 1.77907 -0.26577
3.90151 1.74335 -0.326832
3.96833 1.77807 -0.336499
4.06099 1.76619 -0.348564
4.17582 1.75698 -0.356535
4.3637 1.76921 -0.370423
4.45391 1.75547 -0.374583
4.57811 1.76474 -0.383673
4.67541 1.7463 -0.387073
4.75089 1.7733 -0.39525
4.80399 1.74248 -0.399181
4.87068 1.75138 -0.404601
3.98847 1.92128 0.505478
4.05206 1.94334 0.5097
3.99199 1.9264 0.410783
4.04085 1.92557 0.432842
3.98262 1.9099 0.327593
4.04721 1.9213 0.326688
3.98562 1.8828 0.220671
4.03552 1.91287 0.234793
3.96821 1.88849 0.126856
4.03426 1.91672 0.144368
3.96874 1.87741 0.0333092
4.03451 1.9102 0.0237384
3.97725 1.88672 -0.0651701
4.03289 1.91691 -0.081248
3.97412 1.89012 -0.173561
4.03373 1.90473 -0.193633
2.69385 1.88452 -0.255936
2.76264 1.8875 -0.259533
2.86938 1.8819 -0.268041
2.96876 1.86276 -0.275943
3.07848 1.86655 -0.282488
3.1882 1.89518 -0.287033
3.26867 1.88557 -0.29023
3.9771 1.88107 -0.263823
3.98078 1.86379 -0.341402
4.07354 1.86555 -0.34951
4.1708 1.85969 -0.359074
4.27661 1.85831 -0.365461
4.3772 1.85589 -0.370861
4.47003 1.87176 -0.379799
4.56872 1.85442 -0.386698
4.6879 1.84829 -0.394286
4.78167 1.864 -0.398537
4.88128 1.85798 -0.408074
3.98157 1.94802 0.0172586
2.59117 2.01309 -0.251507
2.66837 1.99416 -0.255036
3.96986 1.937 -0.189415
2.77497 1.98046 -0.262652
2.87225 1.98745 -0.271352
2.96308 1.98288 -0.278035
3.05751 2.00019 -0.286854
3.18432 1.97829 -0.287082
3.98064 1.93384 -0.252653
4.00612 1.95288 -0.345972
4.07488 1.97311 -0.352273
4.17561 1.95823 -0.358892
4.27503 1.95342 -0.364505
4.35608 1.98253 -0.374263
4.47399 1.95469 -0.382011
4.56501 1.95206 -0.388508
4.68668 1.94039 -0.396445
4.7641 1.96017 -0.403687
4.95855 1.9336 -0.417183
5.04358 1.96631 -0.424856
2.58543 2.09527 -0.247624
2.66065 2.07058 -0.254923
2.87138 2.08672 -0.271565
2.95637 2.0979 -0.281501
4.01118 2.04779 -0.350672
4.06635 2.06774 -0.356788
4.1628 2.05815 -0.36112
4.28477 2.06108 -0.37171
4.38146 2.04852 -0.378446
4.49238 2.04767 -0.385924
4.56872 2.05726 -0.394495
4.68325 2.05393 -0.401282
4.77466 2.04865 -0.406825
4.85535 2.02293 -0.409175
4.89503 2.05808 -0.417591
4.98053 2.06695 -0.423878
5.08157 2.05266 -0.430429
2.50523 2.19051 -0.255867
2.56995 2.17119 -0.25322
2.69259 2.18514 -0.258693
2.77866 2.19672 -0.267422
2.87336 2.17367 -0.274278
4.00213 2.15991 -0.351155
4.07694 2.15495 -0.359835
4.16766 2.16466 -0.363544
4.26641 2.17651 -0.367313
4.36739 2.15909 -0.38006
4.48057 2.15591 -0.384627
4.58544 2.15006 -0.395272
4.68201 2.16118 -0.403418
4.79081 2.13893 -0.413426
4.86201 2.1551 -0.416077
4.92435 2.14405 -0.422869
4.98933 2.16563 -0.428517
5.08351 2.15442 -0.433807
2.38437 2.39456 0.679997
2.47052 2.29641 -0.253014
2.58901 2.2876 -0.258582
2.66587 2.26649 -0.258893
2.77238 2.28221 -0.267841
2.84166 2.3082 -0.27504
2.98153 2.27856 -0.288865
4.08593 2.25268 -0.363975
4.17785 2.25337 -0.371044
4.27772 2.25141 -0.373044
4.36348 2.24363 -0.377784
4.56378 2.25241 -0.396698
4.67898 2.26565 -0.40622
4.77883 2.24915 -0.416079
4.87309 2.2587 -0.421716
4.96183 2.26798 -0.425805
4.97909 2.23839 -0.4297
5.06955 2.2572 -0.435591
5.15867 2.26252 -0.437753
2.36303 2.48633 0.724191
2.43345 2.48826 0.716158
2.36975 2.47009 0.651526
2.42793 2.46013 0.665909
2.38494 2.45435 0.554721
2.44178 2.45644 0.556618
2.36865 2.44806 0.449217
2.43005 2.4419 0.446663
2.37479 2.42088 0.341946
2.43034 2.43163 0.351899
2.38677 2.42261 0.248698
2.42282 2.41669 0.262847
2.39445 2.42749 0.166053
2.39865 2.42368 0.0506181
2.39432 2.41379 -0.0534483
2.43175 2.44219 -0.027297
2.39394 2.41937 -0.137186
2.38958 2.41354 -0.236367
2.46671 2.40996 -0.248213
2.5834 2.37888 -0.265518
2.66886 2.37142 -0.265501
2.77819 2.39048 -0.271012
2.84855 2.38822 -0.276037
2.96929 2.38183 -0.291782
4.01263 2.32721 -0.357863
4.0929 2.35916 -0.366056
4.17994 2.35517 -0.373562
4.28756 2.3626 -0.378392
4.36723 2.37836 -0.383992
4.48547 2.35821 -0.391262
4.57952 2.34974 -0.400923
4.6781 2.35468 -0.408078
4.78899 2.35437 -0.418158
4.8953 2.3473 -0.426562
4.98386 2.35473 -0.429234
4.98875 2.32489 -0.433578
5.10176 2.36648 -0.437885
5.18624 2.35 -0.441736
5.26053 2.35424 -0.448714
2.35204 2.57678 0.741188
2.45803 2.57097 0.748538
2.28902 2.55562 0.645434
2.35278 2.56145 0.641041
2.46518 2.54324 0.657238
2.3401 2.54454 0.555906
2.45317 2.53578 0.553089
2.30015 2.56599 0.435541
2.36189 2.52346 0.450851
2.45556 2.54216 0.451748
2.28803 2.56969 0.347261
2.36162 2.52952 0.358009
2.4516 2.53734 0.352122
2.29715 2.54892 0.238171
2.35917 2.53819 0.234012
2.45461 2.53945 0.253588
2.30546 2.54755 0.144353
2.38257 2.51311 0.160817
2.44554 2.52721 0.144966
2.30171 2.54264 0.0530039
2.36835 2.49871 0.0665581
2.4407 2.52076 0.0508876
2.30027 2.51816 -0.0528743
2.3924 2.50434 -0.0585593
2.45246 2.5273 -0.0572902
2.4043 2.49563 -0.17417
2.45051 2.51631 -0.162466
2.31603 2.50944 -0.238803
2.37656 2.49208 -0.242058
2.47615 2.50239 -0.246754
2.55372 2.48088 -0.262381
2.67566 2.48113 -0.263876
2.78318 2.46667 -0.273718
2.87196 2.49117 -0.281986
2.97454 2.47495 -0.292718
4.0792 2.46712 -0.365659
4.17395 2.47989 -0.377766
4.27756 2.45704 -0.381545
4.37813 2.46052 -0.386435
4.47351 2.45707 -0.393305
4.56394 2.46361 -0.403516
4.6754 2.45077 -0.412051
4.77569 2.45876 -0.419345
4.88399 2.44435 -0.427069
4.98344 2.43225 -0.433767
5.07385 2.44181 -0.435447
5.09205 2.45309 -0.443414
5.1796 2.4388 -0.444741
5.28853 2.45142 -0.452078
5.34827 2.46358 -0.454531
2.4693 2.66631 0.801818
2.52805 2.66665 0.804599
2.36304 2.65469 0.751193
2.45183 2.64938 0.756058
2.53408 2.68208 0.742944
2.36055 2.65501 0.628883
2.48104 2.63498 0.668569
2.52634 2.6583 0.629409
2.36187 2.648 0.532694
2.46853 2.63302 0.546571
2.53503 2.68409 0.573684
2.29989 2.62306 0.418767
2.36419 2.63066 0.430666
2.49283 2.6517 0.449123
2.54408 2.66036 0.442275
2.35949 2.63771 0.345044
2.486 2.61873 0.358289
2.53586 2.64939 0.343801
2.3053 2.61792 0.237885
2.36769 2.62701 0.243164
2.49061 2.60985 0.244559
2.52251 2.63737 0.256336
2.28999 2.60341 0.139244
2.36219 2.62447 0.129475
2.48163 2.61046 0.148686
2.52954 2.65286 0.144466
2.30202 2.60458 0.0355096
2.36016 2.62546 0.0369779
2.47886 2.60455 0.046949
2.29196 2.60124 -0.061488
2.35891 2.60481 -0.0586485
2.48573 2.60449 -0.0561443
2.29179 2.59704 -0.16443
2.35404 2.57697 -0.145347
2.47372 2.60835 -0.162421
2.2946 2.59618 -0.231903
2.3806 2.59904 -0.239356
2.488 2.60058 -0.247612
2.56616 2.5928 -0.264047
2.69476 2.59526 -0.270849
2.78911 2.57558 -0.27644
2.87695 2.5854 -0.284758
4.0774 2.56987 -0.365483
4.1837 2.55179 -0.37452
4.28929 2.55306 -0.384574
4.37693 2.56087 -0.393232
4.47909 2.56063 -0.401569
4.57781 2.54041 -0.408324
4.68119 2.5525 -0.418219
4.77108 2.57422 -0.419538
4.89803 2.56494 -0.428746
5.0021 2.54479 -0.435482
5.08444 2.55395 -0.441261
5.10524 2.51673 -0.446549
5.18693 2.5479 -0.44836
5.29304 2.54699 -0.452717
5.38305 2.54415 -0.453408
2.38559 2.76395 0.807478
2.43696 2.7687 0.817219
2.54837 2.76712 0.838002
2.37792 2.74539 0.720618
2.4585 2.74912 0.742911
2.55018 2.75543 0.738051
2.37551 2.75864 0.628821
2.4475 2.73668 0.645863
2.54758 2.74259 0.640966
2.37604 2.73773 0.540923
2.45169 2.76209 0.519685
2.53132 2.73568 0.531155
2.38256 2.7282 0.442896
2.44404 2.74374 0.426476
2.53675 2.71469 0.43865
2.3656 2.73633 0.338592
2.4499 2.73481 0.342873
2.53617 2.72738 0.336338
2.36864 2.72398 0.231526
2.47119 2.7042 0.236997
2.5463 2.7298 0.235342
2.37267 2.70977 0.136631
2.47952 2.71441 0.145793
2.54493 2.72627 0.137434
2.36045 2.70827 0.0292264
2.48604 2.69657 0.0321745
2.53847 2.69898 0.0210916
2.36484 2.70664 -0.0594427
2.48587 2.7064 -0.0617391
2.53959 2.70794 -0.0604379
2.3145 2.67636 -0.183506
2.36637 2.68477 -0.156315
2.50607 2.66931 -0.146411
2.37796 2.69007 -0.24482
2.48955 2.6743 -0.257444
2.5878 2.67399 -0.263072
2.67586 2.68768 -0.276683
2.77917 2.67249 -0.281964
2.89493 2.67747 -0.287912
2.96876 2.69729 -0.294643
3.06007 2.69374 -0.303578
4.08879 2.64948 -0.367023
4.18698 2.66844 -0.379744
4.29428 2.66456 -0.389464
4.38971 2.65737 -0.39657
4.48101 2.65592 -0.402998
4.57146 2.64964 -0.407403
4.68106 2.63478 -0.415238
4.78695 2.67266 -0.420219
4.88358 2.66101 -0.429272
4.99073 2.66727 -0.436585
5.07143 2.66749 -0.442484
5.20606 2.65142 -0.449072
5.21433 2.65188 -0.453807
5.28103 2.63653 -0.456722
5.38625 2.65061 -0.461175
2.46071 2.87848 0.888205
2.45766 2.85958 0.825489
2.6229 2.88486 0.845663
2.45512 2.8648 0.731565
2.56894 2.8527 0.741419
2.39082 2.82936 0.632087
2.45355 2.85759 0.619197
2.62138 2.87174 0.624827
2.38766 2.83287 0.523556
2.44991 2.84898 0.540476
2.54695 2.87072 0.522021
2.39517 2.82982 0.418375
2.46008 2.84318 0.425126
2.57722 2.86814 0.429568
2.39751 2.8235 0.347359
2.46576 2.83661 0.325804
2.59944 2.8374 0.337317
2.3913 2.82519 0.22591
2.45834 2.8346 0.228465
2.59358 2.82945 0.226958
2.38702 2.81733 0.138182
2.46939 2.82155 0.13774
2.58138 2.79892 0.158919
2.37774 2.8104 0.0344185
2.44487 2.79905 0.0236466
2.58877 2.81645 0.0451807
2.37324 2.80712 -0.0649574
2.44894 2.78071 -0.0501148
2.56985 2.80092 -0.070695
2.37261 2.79935 -0.174146
2.4621 2.80161 -0.181519
2.55744 2.78448 -0.140641
2.39251 2.79095 -0.245699
2.47965 2.79368 -0.257133
2.5808 2.78927 -0.254838
2.68397 2.7896 -0.277143
2.79243 2.77603 -0.284345
2.89151 2.79258 -0.295958
2.99317 2.79124 -0.298086
3.09275 2.79089 -0.307726
4.16014 2.76743 -0.379191
4.3017 2.77326 -0.394121
4.38756 2.75254 -0.401109
4.49503 2.75549 -0.407388
4.57824 2.76222 -0.411146
4.68336 2.7657 -0.416721
4.7821 2.75132 -0.425272
4.89405 2.73831 -0.43316
4.98332 2.75488 -0.441681
5.06068 2.75298 -0.446466
5.18718 2.76013 -0.453361
5.28336 2.74323 -0.460174
5.38426 2.74042 -0.468828
5.48277 2.75095 -0.474671
2.47702 2.96056 0.909669
2.64872 2.96065 0.905299
2.4816 2.97162 0.83493
2.65081 2.95126 0.832393
2.46353 2.95338 0.706639
2.64268 2.95803 0.721989
2.46308 2.9418 0.620627
2.551 2.94887 0.619679
2.64199 2.95466 0.619884
2.46148 2.95435 0.516711
2.58169 2.94252 0.513041
2.64169 2.97544 0.515045
2.44942 2.9374 0.408694
2.58309 2.94219 0.423077
2.63018 2.96046 0.422
2.4432 2.93891 0.322214
2.59459 2.92863 0.311731
2.44118 2.94038 0.224236
2.60215 2.90984 0.252759
2.40813 2.88993 0.110237
2.4388 2.91648 0.120482
2.60744 2.91084 0.124355
2.64297 2.93689 0.111135
2.41756 2.90005 0.0226029
2.45678 2.89553 0.00354218
2.60147 2.92006 0.0100827
2.41019 2.89789 -0.0734839
2.45696 2.89998 -0.0841602
2.59067 2.91738 -0.0745135
2.39792 2.88556 -0.189601
2.48236 2.89741 -0.19042
2.59381 2.91228 -0.180213
2.41016 2.87071 -0.253542
2.48508 2.8884 -0.260158
2.57984 2.90028 -0.254937
2.66309 2.86845 -0.278062
2.77282 2.87254 -0.290269
2.88715 2.8944 -0.293258
2.99715 2.88227 -0.301079
3.07802 2.89314 -0.308056
4.18307 2.89016 -0.37945
4.27234 2.84086 -0.393014
4.40288 2.84748 -0.40554
4.48114 2.86109 -0.411466
4.58452 2.84296 -0.412588
4.69521 2.8618 -0.421149
4.77141 2.84408 -0.426007
4.89097 2.85272 -0.437843
4.99517 2.85525 -0.446095
5.10327 2.82829 -0.451865
5.17431 2.84255 -0.456954
5.20911 2.82763 -0.464978
5.29289 2.85233 -0.46715
5.39173 2.83963 -0.469884
5.57574 2.83756 -0.482256
2.53065 3.08654 0.925443
2.68386 3.05446 0.915081
2.50053 3.06185 0.814098
2.52476 3.07026 0.812158
2.6686 3.06051 0.809265
2.72275 3.07511 0.833056
2.50135 3.0477 0.706766
2.53427 3.07335 0.697537
2.68307 3.06239 0.720535
2.48901 3.03584 0.61993
2.5306 3.07108 0.618462
2.67487 3.05779 0.622563
2.49387 3.02556 0.524344
2.53845 3.06193 0.52678
2.68563 3.05255 0.52716
2.48269 3.03189 0.425036
2.67002 3.04366 0.424438
2.48912 3.03061 0.320921
2.65952 3.03936 0.3154
2.49204 3.04145 0.219095
2.54361 3.06036 0.194171
2.66331 3.00781 0.220332
2.46527 3.00639 0.113464
2.56978 3.0087 0.0981472
2.66148 3.01488 0.122785
2.4616 3.01458 0.0220777
2.62059 2.98222 0.0170059
2.65512 3.00041 0.0357762
2.45763 3.01388 -0.085965
2.61187 2.98 -0.0898619
2.64432 3.00557 -0.08147
5.39978 2.99282 -0.0423248
5.4877 2.96767 -0.0265649
5.55253 2.97336 -0.0297244
2.47154 2.99342 -0.19278
2.61108 2.977 -0.196012
2.65703 3.00573 -0.183652
5.47955 2.96209 -0.0819015
5.58186 2.97252 -0.105783
5.65107 2.96837 -0.0941042
2.47718 3.00021 -0.260588
2.57969 2.99602 -0.265672
2.67911 2.99525 -0.268233
2.77688 2.96616 -0.292721
2.87457 2.98094 -0.297262
2.99827 2.99215 -0.304306
3.09034 2.9876 -0.310481
3.16964 3.0029 -0.315598
3.27859 3.00923 -0.321114
4.25917 2.98461 -0.390365
4.28769 2.94587 -0.397647
4.37386 2.96 -0.40385
4.49237 2.95836 -0.415238
4.581 2.94834 -0.418814
4.6864 2.95894 -0.424446
4.78986 2.96169 -0.434118
4.90802 2.95632 -0.44358
4.9726 2.95129 -0.447078
5.19091 2.95487 -0.462506
5.26584 2.95123 -0.465551
5.38456 2.9486 -0.448055
5.6134 2.97234 -0.448039
5.30267 2.93125 -0.472508
5.40472 2.94486 -0.475685
5.47625 2.94067 -0.482628
5.59013 2.94888 -0.484048
5.66964 2.98061 -0.489372
2.57716 3.18229 0.993904
2.73614 3.16725 0.988676
2.55439 3.17003 0.902347
2.74572 3.17126 0.913964
2.54574 3.16451 0.803779
2.74215 3.17343 0.827755
2.54508 3.15602 0.711017
2.70519 3.1596 0.725938
2.74467 3.17134 0.713189
2.55075 3.16501 0.612474
2.70359 3.13683 0.602514
2.74754 3.15854 0.605764
2.55139 3.15606 0.513608
2.70537 3.11716 0.508824
2.73647 3.15653 0.505102
2.50326 3.10609 0.404533
2.54544 3.16009 0.399123
2.69173 3.12887 0.413297
2.73428 3.14148 0.426495
2.50302 3.12502 0.305022
2.54022 3.14466 0.317541
2.69325 3.12192 0.303754
2.74327 3.14158 0.311422
2.49749 3.12297 0.213502
2.54043 3.13688 0.245181
2.7048 3.12027 0.212004
2.73258 3.13329 0.217389
2.49205 3.11306 0.101839
2.53595 3.13794 0.122528
2.70214 3.11455 0.12753
2.4948 3.1132 0.00870693
2.70225 3.1072 0.0259016
2.73857 3.1205 0.00487876
2.49101 3.10007 -0.0884746
2.71009 3.1005 -0.0723078
5.37014 3.07618 -0.0357391
2.49769 3.09144 -0.191462
2.57458 3.0957 -0.223989
2.6947 3.09024 -0.195408
5.40988 3.06572 -0.10245
5.48318 3.03249 -0.11106
2.5059 3.08926 -0.264421
2.57831 3.08565 -0.270487
2.67889 3.09073 -0.277402
2.77928 3.08853 -0.281752
2.88925 3.09376 -0.296681
2.97387 3.09833 -0.310552
3.08769 3.08136 -0.311684
3.1851 3.08834 -0.319115
3.27541 3.0766 -0.320621
3.27798 3.07513 -0.325441
5.37535 3.08552 -0.362216
5.48059 3.08872 -0.356863
5.5788 3.08895 -0.350469
5.6435 3.05657 -0.35982
4.39423 3.06589 -0.40802
4.49491 3.05645 -0.418148
4.59874 3.06175 -0.426132
4.69126 3.04254 -0.429495
4.8 3.04305 -0.436054
4.89929 3.05592 -0.441086
4.98443 3.05061 -0.450976
5.08947 3.02552 -0.457592
5.1838 3.04851 -0.464704
5.30861 3.04542 -0.434688
5.61171 3.03607 -0.406408
5.64658 3.03935 -0.390487
5.31325 3.02725 -0.480895
5.3929 3.03449 -0.479818
5.50464 3.02271 -0.485081
5.58747 3.04856 -0.489579
5.68395 3.03373 -0.491242
2.63481 3.27473 1.06817
2.64048 3.2731 0.996416
2.77858 3.26735 1.00826
2.58787 3.24483 0.905599
2.63181 3.28201 0.914257
2.77379 3.25192 0.87962
2.58733 3.2495 0.80597
2.77221 3.24419 0.793303
2.5753 3.24737 0.703052
2.57819 3.24662 0.601809
2.75611 3.21557 0.598339
2.57719 3.24068 0.512811
2.75167 3.20355 0.49863
2.56466 3.23956 0.418594
2.75281 3.20876 0.415778
2.55404 3.229 0.302004
2.76375 3.2284 0.313103
2.50929 3.19491 0.203601
2.55064 3.21534 0.197437
2.75965 3.22398 0.201401
2.5038 3.17787 0.100458
2.55213 3.21318 0.0998305
2.71514 3.17244 0.0903371
2.75918 3.20868 0.0986435
5.29602 3.23312 0.159713
2.51991 3.1885 -0.00272968
2.5478 3.21503 0.0262656
2.77187 3.195 -0.0118854
2.51223 3.18528 -0.0952657
2.56333 3.21201 -0.0907592
2.71582 3.17526 -0.0786278
2.7748 3.19154 -0.0880618
2.50503 3.19297 -0.19032
2.71444 3.16686 -0.187261
2.76891 3.1894 -0.195122
5.3604 3.15636 -0.11798
2.58017 3.18485 -0.275814
2.69207 3.20248 -0.27551
2.77471 3.18295 -0.279676
2.87822 3.17507 -0.309488
2.99014 3.18242 -0.310338
3.08788 3.17214 -0.318175
3.18499 3.17112 -0.321883
3.28055 3.19004 -0.323896
5.55891 3.15117 -0.250705
3.30588 3.16055 -0.33134
3.38154 3.18289 -0.331789
3.46942 3.20302 -0.33759
4.10731 3.18734 -0.384577
4.28924 3.17936 -0.396395
5.39834 3.14367 -0.367413
5.48907 3.15599 -0.348616
5.57113 3.14659 -0.330734
4.39738 3.16504 -0.409889
4.50148 3.15109 -0.419331
4.59274 3.15452 -0.42459
4.69354 3.15417 -0.432525
4.78973 3.1569 -0.437324
4.89416 3.16148 -0.444749
4.98282 3.14512 -0.450404
5.18187 3.16469 -0.469295
5.27884 3.11922 -0.452534
5.50267 3.17195 -0.390594
5.56546 3.14528 -0.395274
5.39199 3.13233 -0.483325
5.47995 3.13648 -0.48881
5.58461 3.12607 -0.491902
5.68113 3.13079 -0.49299
2.67231 3.38312 1.08337
2.66905 3.36928 1.00796
2.65418 3.37386 0.902391
2.60541 3.33591 0.795236
2.63229 3.36714 0.80974
2.60407 3.34349 0.689032
2.63294 3.36127 0.688085
2.61163 3.3593 0.586989
2.63061 3.35865 0.610812
2.58997 3.32667 0.509167
2.64591 3.3712 0.497529
2.59142 3.32848 0.394652
2.65049 3.35757 0.39354
2.58008 3.32343 0.292174
2.58211 3.32999 0.203251
5.26288 3.28371 0.261037
2.58032 3.32743 0.095357
5.26126 3.26807 0.15939
2.57491 3.3074 -0.00154987
5.27185 3.25894 0.0798649
2.56799 3.30923 -0.105714
2.57204 3.30639 -0.209079
2.6868 3.2845 -0.240477
2.5914 3.29257 -0.276527
2.68693 3.28188 -0.283464
2.78776 3.28208 -0.285751
2.89059 3.28865 -0.300369
2.98478 3.27389 -0.311924
3.08698 3.28715 -0.318585
3.19719 3.27032 -0.322462
3.2969 3.2656 -0.327733
3.3624 3.28566 -0.332893
5.48983 3.25548 -0.235256
3.40222 3.2855 -0.337479
3.47512 3.26629 -0.340724
3.59201 3.29315 -0.351347
3.68728 3.28356 -0.357294
3.80412 3.28282 -0.364025
3.9766 3.27429 -0.376496
4.08455 3.24989 -0.385878
4.1803 3.25974 -0.393015
4.28786 3.27045 -0.402557
5.40779 3.26738 -0.362194
5.49468 3.24915 -0.324832
4.41939 3.27762 -0.414621
4.49178 3.26736 -0.419154
4.60066 3.2609 -0.426621
4.69502 3.26298 -0.435325
4.78825 3.25509 -0.443488
4.90847 3.25331 -0.450278
4.98911 3.24879 -0.455221
5.08084 3.25608 -0.463586
5.19974 3.26049 -0.472395
5.28789 3.24758 -0.46277
5.38189 3.25207 -0.431195
5.47283 3.23898 -0.494654
5.59857 3.23463 -0.497347
5.67644 3.23207 -0.498561
2.69124 3.48582 1.10561
2.72768 3.4977 1.09337
2.68455 3.4694 0.995918
2.72822 3.49225 1.01674
2.67462 3.48225 0.891934
2.66163 3.46268 0.793799
2.6621 3.4671 0.691297
2.65962 3.4586 0.591113
2.65369 3.45206 0.501017
2.64188 3.44747 0.409828
2.62137 3.41325 0.298552
2.64574 3.44267 0.297482
2.61182 3.41326 0.194842
2.64456 3.43126 0.194025
2.59631 3.39722 0.081333
2.63981 3.42008 0.0847222
2.60671 3.41106 0.00234273
2.65358 3.43047 -0.0268741
5.35675 3.37702 0.0268648
2.59892 3.39631 -0.0968449
2.67598 3.44176 -0.0873257
5.30728 3.38319 -0.0434381
5.35252 3.39088 -0.0509359
2.59758 3.39971 -0.217671
2.66619 3.40944 -0.22283
5.32032 3.39679 -0.133104
5.35764 3.36049 -0.16231
2.61305 3.39163 -0.283814
2.68722 3.38107 -0.291473
2.80805 3.38485 -0.293679
2.87929 3.39047 -0.300057
2.98902 3.39896 -0.314031
3.07876 3.37626 -0.318411
3.20349 3.39872 -0.326102
3.27286 3.36 -0.328612
3.37563 3.37398 -0.336319
3.50089 3.37583 -0.346719
3.5936 3.36484 -0.352275
3.69749 3.37888 -0.362188
3.80147 3.35519 -0.367681
3.8919 3.37182 -0.374388
3.9953 3.35492 -0.380438
4.10275 3.36159 -0.392244
4.17392 3.37014 -0.398246
4.30549 3.3447 -0.404922
4.37079 3.34744 -0.406766
5.29471 3.36603 -0.37912
5.38754 3.31863 -0.348593
4.5011 3.35091 -0.422301
4.57408 3.35572 -0.428329
4.67585 3.35028 -0.437477
4.78758 3.35123 -0.446246
4.89806 3.34086 -0.449696
5.11045 3.35269 -0.467724
5.20674 3.34237 -0.465183
5.28333 3.3526 -0.446449
5.37455 3.33747 -0.470357
5.49909 3.33026 -0.495329
5.59509 3.34584 -0.502362
5.69636 3.34342 -0.507687
5.75578 3.35723 -0.505153
2.75528 3.59611 1.16458
2.75603 3.58552 1.07143
2.75397 3.59081 0.974714
2.695 3.55696 0.868037
2.73165 3.58266 0.891666
2.69188 3.54887 0.781182
2.73709 3.59032 0.779702
2.68964 3.55388 0.690344
2.73294 3.5856 0.682689
2.69181 3.5476 0.575467
2.68293 3.54143 0.475386
2.67149 3.54029 0.387948
2.67065 3.53308 0.285523
2.67343 3.51039 0.183573
2.66731 3.5164 0.0904965
2.66677 3.52005 -0.0134288
5.45527 3.44812 0.0633462
2.62537 3.47536 -0.110639
2.67303 3.49713 -0.10385
2.62237 3.47946 -0.216697
2.66877 3.49111 -0.227921
2.62293 3.48288 -0.277475
2.67388 3.4813 -0.290874
2.77885 3.4881 -0.296951
2.89024 3.47978 -0.300138
2.97921 3.48779 -0.312301
3.18528 3.50022 -0.326764
3.29486 3.46839 -0.333713
3.4064 3.4827 -0.341138
3.501 3.46193 -0.349013
3.57744 3.46681 -0.354295
3.694 3.47478 -0.36357
3.80691 3.45203 -0.372407
3.88723 3.47348 -0.377965
3.9938 3.47103 -0.38658
4.09719 3.46345 -0.393778
4.19485 3.47711 -0.404078
4.28791 3.47179 -0.408657
4.40125 3.47624 -0.416421
4.4979 3.46058 -0.425413
4.57622 3.44494 -0.432161
4.68708 3.46018 -0.441734
4.80011 3.4657 -0.450681
4.89093 3.47318 -0.457296
4.98191 3.45105 -0.459557
5.20027 3.45757 -0.469228
5.30056 3.40827 -0.468767
5.37472 3.45284 -0.489747
5.58911 3.44465 -0.50342
5.69573 3.41991 -0.511321
5.7859 3.44749 -0.514761
5.85143 3.44627 -0.508518
2.78909 3.65492 1.1881
2.76635 3.64015 1.05668
2.74744 3.65855 0.877227
2.74808 3.66182 0.786593
2.75285 3.65539 0.666622
2.69982 3.62363 0.568255
2.74681 3.6546 0.579653
2.70832 3.63742 0.492133
2.74286 3.64419 0.474826
2.70748 3.61083 0.374991
2.70671 3.623 0.272772
2.73601 3.63479 0.268351
2.69344 3.62727 0.195327
2.69192 3.60968 0.0849785
2.68865 3.59543 -0.0241693
2.68089 3.59832 -0.117709
2.68376 3.58266 -0.231386
2.77652 3.61876 -0.2549
2.68785 3.57165 -0.293384
2.79223 3.60079 -0.301776
2.89109 3.59433 -0.309016
3.0089 3.58826 -0.31613
3.08846 3.58177 -0.324711
3.19081 3.59053 -0.332774
3.30205 3.57369 -0.336775
3.40564 3.58173 -0.343698
3.59714 3.57901 -0.359039
3.68512 3.58248 -0.364002
3.79148 3.56746 -0.374164
3.87956 3.56472 -0.38048
3.98595 3.57739 -0.38951
4.08779 3.5777 -0.397458
4.1901 3.58185 -0.405066
4.2936 3.57683 -0.41326
4.39413 3.56047 -0.418826
4.46135 3.5594 -0.422648
4.59935 3.57557 -0.436703
4.68586 3.55196 -0.44355
4.79897 3.56838 -0.454624
4.89497 3.5358 -0.460519
4.98151 3.55162 -0.464921
5.09115 3.53854 -0.469604
5.20389 3.54974 -0.476922
5.39526 3.54839 -0.492245
5.47327 3.52868 -0.498824
5.62351 3.52424 -0.504468
5.6956 3.53515 -0.512272
5.80402 3.54633 -0.519469
2.78167 3.78126 0.864449
2.76254 3.76179 0.765805
2.76483 3.74423 0.666163
2.76166 3.74131 0.570706
2.76472 3.73256 0.480404
2.76425 3.73714 0.374764
2.72144 3.68298 0.265804
2.74351 3.72697 0.272064
2.71982 3.68627 0.208309
2.74468 3.73059 0.176129
2.71344 3.68821 0.0762528
2.7075 3.69023 -0.0302679
2.75156 3.71787 -0.0304032
4.88782 3.71763 0.00709784
5.36292 3.71622 0.058267
2.70527 3.69317 -0.11753
2.70129 3.68366 -0.23258
2.7206 3.67262 -0.297598
2.7963 3.69462 -0.306367
2.88903 3.68426 -0.312658
2.98261 3.69383 -0.318944
3.07342 3.68275 -0.324464
3.18664 3.70125 -0.327552
3.27506 3.66968 -0.336559
3.39801 3.67888 -0.344527
3.49605 3.67962 -0.352767
3.59503 3.65917 -0.360974
3.68528 3.67654 -0.368234
3.79694 3.67114 -0.376673
3.87589 3.67355 -0.3833
3.9933 3.6613 -0.391919
4.10893 3.67412 -0.400983
4.20583 3.65498 -0.409001
4.29873 3.6531 -0.416211
4.40602 3.65406 -0.420825
4.49304 3.66262 -0.425661
6.09689 3.68993 -0.348475
4.59538 3.66253 -0.438075
4.69458 3.66385 -0.445952
4.79222 3.64963 -0.453702
4.89552 3.64647 -0.462692
4.9994 3.65746 -0.46702
5.09336 3.64394 -0.47474
5.18601 3.65864 -0.478939
5.29004 3.65039 -0.478544
5.41803 3.64395 -0.494115
5.50983 3.63391 -0.5016
5.7696 3.61376 -0.513991
6.07832 3.89901 1.40264
5.97187 3.90969 1.3331
6.0516 3.89087 1.32839
6.11804 3.88263 1.34536
6.05151 3.88651 1.2302
6.1175 3.87865 1.24108
5.99237 3.88436 1.11954
6.08066 3.86946 1.12912
6.06398 3.87351 1.04688
2.83374 3.88692 0.862473
6.09024 3.86763 0.949319
2.80549 3.85345 0.775648
2.82661 3.88458 0.768673
6.08584 3.85011 0.802709
2.79866 3.83731 0.663356
6.08757 3.8452 0.750874
2.80057 3.85199 0.575533
2.7839 3.83221 0.467997
2.78375 3.83097 0.36703
2.78146 3.83557 0.266206
2.76722 3.81085 0.173153
2.77115 3.82102 0.065251
5.28073 3.80457 0.108062
5.36538 3.7941 0.0942896
2.75668 3.79964 -0.0339404
4.58672 3.80789 -0.000234127
4.69185 3.79482 0.0178275
4.78779 3.79229 0.00868428
4.87643 3.7737 0.0221552
5.1863 3.80259 0.0261385
5.28295 3.78723 0.0216175
5.36365 3.76621 0.0169719
2.75618 3.8133 -0.145241
5.20479 3.79715 -0.0714916
5.28716 3.76175 -0.0757123
5.36204 3.75899 -0.0697694
2.7331 3.76745 -0.241843
2.7491 3.79133 -0.241056
5.18532 3.77685 -0.177594
5.2828 3.77382 -0.173249
5.36535 3.74214 -0.147404
2.78718 3.78687 -0.304664
2.884 3.76911 -0.318465
2.98716 3.7864 -0.321878
3.08902 3.7845 -0.324267
3.19425 3.77862 -0.330527
3.30904 3.77657 -0.341716
3.40589 3.76237 -0.348595
3.48994 3.78301 -0.350585
5.19707 3.78559 -0.287611
5.27396 3.75578 -0.28443
5.35213 3.73739 -0.277717
6.09119 3.75097 -0.275823
6.15052 3.78733 -0.260624
3.69323 3.77952 -0.37222
3.77781 3.76856 -0.378694
3.89656 3.76325 -0.387278
3.96678 3.7812 -0.393044
4.10475 3.76801 -0.403192
4.18667 3.7754 -0.410556
4.30345 3.75957 -0.419278
4.40956 3.76557 -0.4265
4.49062 3.76188 -0.430797
4.57104 3.77663 -0.434771
5.18912 3.76672 -0.387114
5.27903 3.75503 -0.389231
6.10402 3.74131 -0.347777
6.16758 3.78815 -0.347668
4.70509 3.73968 -0.448618
4.8061 3.75873 -0.45766
4.90108 3.77497 -0.466401
4.99174 3.73256 -0.470766
5.09878 3.7543 -0.473915
5.19207 3.75409 -0.477705
5.29898 3.74665 -0.470617
5.40278 3.72868 -0.484452
5.5125 3.71365 -0.500137
6.10765 3.74281 -0.433354
6.17695 3.78627 -0.44179
5.865 3.98847 1.4152
5.95039 3.96244 1.41279
6.05536 3.94183 1.39879
6.13138 3.95089 1.4106
5.78525 4.00977 1.33666
5.87005 3.97212 1.33273
5.95817 3.95525 1.3316
6.06927 3.97168 1.31687
6.15167 3.97433 1.32128
5.8707 3.9709 1.21845
5.95173 3.9568 1.23202
6.05751 3.95488 1.23353
6.14044 3.97745 1.23009
5.86776 3.95512 1.1279
5.9649 3.95227 1.12876
6.06227 3.94652 1.12846
6.15512 3.96185 1.12131
5.87555 3.95362 1.05089
5.95559 3.94359 1.03119
6.06809 3.94886 1.0298
6.15865 3.93786 1.0265
2.86389 3.96776 0.852826
5.88252 3.9457 0.952577
5.96122 3.94209 0.941559
6.06275 3.92388 0.941706
6.16432 3.94957 0.937236
2.84751 3.95309 0.775204
5.97868 3.95406 0.814196
6.07772 3.95106 0.826884
6.15588 3.94069 0.853845
2.8452 3.95196 0.667778
6.07328 3.92952 0.729524
6.16215 3.91755 0.732353
2.83852 3.93964 0.546999
5.98683 3.95388 0.623305
6.07981 3.93284 0.647678
6.15268 3.90384 0.635688
2.84504 3.95783 0.471129
6.08943 3.92103 0.534246
6.16461 3.92388 0.539953
2.81589 3.92787 0.367458
2.84278 3.94428 0.376632
5.9839 3.9468 0.413277
6.0857 3.92084 0.434248
6.16737 3.91468 0.432462
2.80073 3.90949 0.267739
5.98494 3.91508 0.332196
6.06546 3.89519 0.33375
6.16122 3.90377 0.339705
2.80772 3.91539 0.154189
5.99325 3.90762 0.24087
6.09371 3.88562 0.22809
6.15027 3.89214 0.243208
2.80674 3.91069 0.0585475
4.40177 3.91406 0.0669403
4.48545 3.91044 0.0676512
4.57676 3.88648 0.0662404
4.68071 3.90721 0.0648222
4.77779 3.90292 0.0647394
5.09656 3.89466 0.10305
5.17531 3.89126 0.0995722
5.2996 3.89078 0.110519
5.3636 3.88935 0.102879
5.91655 3.91528 0.150483
5.99229 3.9001 0.132014
6.0774 3.87378 0.129832
6.18099 3.90938 0.152349
2.80466 3.90508 -0.037229
4.41179 3.91817 0.0295456
4.48969 3.88514 0.0050475
4.58595 3.89152 0.000109851
4.69436 3.87915 -0.00586411
4.78195 3.87802 0.0021359
4.86344 3.87875 0.00135162
5.08671 3.89028 0.0107759
5.18762 3.88725 0.0184054
5.28649 3.88155 0.0172257
5.87353 3.91681 0.00442985
5.98418 3.89026 0.0349909
6.0906 3.86431 0.043996
6.18604 3.87188 0.0301754
2.78812 3.89372 -0.134414
4.8262 3.90988 -0.093423
5.02711 3.90393 -0.0920674
5.10215 3.88154 -0.0891311
5.17683 3.86625 -0.084066
5.28844 3.87497 -0.0746753
6.01523 3.8687 -0.0327389
6.08585 3.86842 -0.0257602
6.17569 3.87665 -0.0297296
2.78617 3.89976 -0.240303
5.02203 3.88533 -0.204232
5.08517 3.87554 -0.189368
5.18483 3.87178 -0.188038
5.28804 3.85903 -0.184105
6.09574 3.84405 -0.201934
2.80518 3.87243 -0.309606
2.89826 3.88829 -0.320092
2.99988 3.88524 -0.327054
3.10869 3.88631 -0.332032
3.18715 3.88365 -0.335438
3.28644 3.87695 -0.340214
3.39765 3.87841 -0.348087
3.48827 3.85954 -0.355334
3.59577 3.88695 -0.365733
5.02973 3.89812 -0.266541
5.08904 3.86724 -0.292466
5.20068 3.84889 -0.282366
5.2826 3.83847 -0.262331
5.92045 3.87688 -0.24914
6.00275 3.87875 -0.257911
6.07919 3.85259 -0.258155
6.16037 3.8639 -0.252364
3.70068 3.86562 -0.375403
3.77682 3.86669 -0.381055
3.90175 3.86439 -0.389255
3.99542 3.87865 -0.396576
4.08328 3.86284 -0.40055
4.19439 3.84269 -0.411633
4.28971 3.87134 -0.421234
4.41146 3.86984 -0.432583
4.47979 3.85331 -0.433146
4.60636 3.85586 -0.439003
4.68766 3.84967 -0.436858
4.80091 3.88126 -0.389169
5.0306 3.86431 -0.375856
5.09726 3.85858 -0.386273
5.19331 3.8389 -0.381662
5.28468 3.84766 -0.374059
5.89874 3.87352 -0.38375
6.01919 3.85376 -0.364742
6.10199 3.85118 -0.366977
4.82538 3.84727 -0.457261
4.90162 3.87654 -0.466691
5.00105 3.84306 -0.473262
5.0978 3.8375 -0.475752
5.19789 3.85469 -0.47069
5.29374 3.84064 -0.474373
6.00885 3.86855 -0.441666
6.1063 3.85463 -0.460931
6.16319 3.82185 -0.442656
