-0.459006 0.854446 0.0880334
-0.337229 0.829695 0.0757127
-0.149536 0.844006 0.0570181
-0.0505044 0.837927 0.0465884
0.0622375 0.830623 0.0401862
0.135091 0.854215 0.0349297
0.238191 0.837267 0.0259901
0.368027 0.860711 0.00926308
-0.546785 0.965714 0.0948715
-0.416572 0.940938 0.0865326
-0.358666 0.950579 0.0827585
-0.25651 0.94869 0.0723672
-0.146703 0.95452 0.0616572
-0.0501667 0.954307 0.05059
0.041165 0.956222 0.0435351
0.153648 0.949932 0.0330118
0.252648 0.947559 0.0255399
0.346048 0.962891 0.0162183
0.443011 0.956806 0.0064915
0.537269 0.965375 -0.00240973
-0.616254 1.07887 0.108658
-0.579202 1.04924 0.106058
-0.457355 1.04512 0.0917225
-0.357127 1.04388 0.0843581
-0.259991 1.03005 0.0741154
-0.153052 1.05302 0.0660742
-0.035775 1.0488 0.0568281
0.0251505 1.03699 0.0467942
0.149787 1.05076 0.0384754
0.233485 1.04294 0.0298063
0.355275 1.03642 0.016779
0.465379 1.07099 0.0068235
0.571467 1.03841 -0.00428584
-0.626822 1.14848 0.111814
-0.535261 1.14534 0.102545
-0.453927 1.16318 0.0942308
-0.347957 1.16427 0.0877847
-0.27037 1.14036 0.0786018
-0.137253 1.14315 0.0677473
-0.0279794 1.1453 0.0584472
0.0477995 1.14146 0.0497213
0.162932 1.13832 0.0381682
0.242536 1.1604 0.0326668
0.360051 1.1543 0.0210106
0.448038 1.13921 0.0114449
0.559086 1.1511 0.00271556
0.632002 1.16634 -0.00385401
-0.633671 1.24673 0.116946
-0.52639 1.25573 0.108084
-0.456379 1.25942 0.105369
-0.362183 1.26619 0.10254
-0.433059 1.23165 0.0970177
-0.35819 1.25641 0.0922538
-0.255473 1.25151 0.0824185
-0.158327 1.23046 0.0720132
-0.0574789 1.25738 0.0655716
0.0497532 1.26138 0.0556538
0.165507 1.2579 0.0429135
0.248675 1.24981 0.0358463
0.339576 1.24608 0.0271632
0.44735 1.2496 0.0167003
0.558487 1.25074 0.00770968
0.66691 1.24583 -0.00300243
-0.733907 1.3526 0.132463
-0.659109 1.35675 0.126642
-0.550342 1.33393 0.114394
-0.450236 1.35069 0.107221
-0.328504 1.34236 0.0924103
-0.257845 1.3473 0.0900707
-0.135813 1.35411 0.0769743
-0.0506922 1.33316 0.0710711
0.053369 1.34676 0.0592375
0.183842 1.35062 0.0472357
0.256735 1.3431 0.0390852
0.349073 1.3368 0.0308528
0.457826 1.34603 0.0215998
0.637509 1.36289 0.00550636
0.735506 1.34051 -0.00526524
-0.850148 1.45218 0.150014
-0.742901 1.45379 0.138866
-0.646298 1.44022 0.129276
-0.542139 1.42689 0.120338
-0.445146 1.4589 0.11032
-0.35234 1.44272 0.104716
-0.244119 1.4365 0.0939827
-0.151603 1.46116 0.0887944
-0.0548341 1.44872 0.0764337
0.0443305 1.44892 0.0663741
0.14929 1.43989 0.056012
0.239692 1.4469 0.047195
0.356132 1.446 0.0333283
0.458541 1.4405 0.0252826
0.540767 1.4603 0.0191098
0.651526 1.47226 0.0116421
0.7395 1.46028 0.00141616
0.764127 1.42058 -0.00251987
0.820026 1.43797 -0.00805379
-0.861527 1.55755 0.157896
-0.771116 1.5403 0.147581
-0.661106 1.54294 0.138861
-0.533151 1.54038 0.125654
-0.449779 1.56012 0.119389
-0.337243 1.55617 0.108028
-0.242996 1.56639 0.0966394
-0.140684 1.5561 0.089384
-0.0370012 1.55162 0.0824012
0.0499754 1.55056 0.0711424
0.138896 1.5367 0.0613541
0.2426 1.55193 0.0519858
0.352093 1.57161 0.042946
0.45674 1.53559 0.0303919
0.549985 1.56282 0.0225705
0.64132 1.55948 0.0165357
0.745981 1.55761 0.00725136
0.837595 1.55008 -0.00209151
0.922003 1.57744 -0.00728607
-0.0583474 1.68266 0.826296
0.0578348 1.6702 0.821494
-0.128866 1.69638 0.740864
-0.0428062 1.6841 0.751118
0.0484232 1.65615 0.754711
-0.122436 1.69646 0.657929
-0.0464657 1.67928 0.641563
0.0487947 1.66677 0.650491
-0.0404921 1.6722 0.549831
0.0487424 1.66446 0.545331
-0.118203 1.6936 0.438748
-0.0579396 1.68077 0.449902
0.0367675 1.65911 0.444529
-0.116305 1.69481 0.359301
-0.0428347 1.66811 0.330352
0.0431384 1.66487 0.346077
-0.0560544 1.67466 0.261264
0.0244554 1.65776 0.250933
-0.936972 1.65014 0.168471
-0.863407 1.65184 0.161432
-0.758852 1.65565 0.151647
-0.64529 1.64915 0.140744
-0.539534 1.65519 0.133023
-0.443316 1.66079 0.123812
-0.358166 1.64584 0.115027
-0.255506 1.66365 0.112658
-0.152345 1.66743 0.125309
-0.0562738 1.66717 0.16378
0.0252125 1.67373 0.161499
-0.151958 1.62411 0.0958575
-0.0537967 1.61939 0.0863187
0.0458121 1.65191 0.0843583
0.154376 1.64814 0.0665952
0.237869 1.65549 0.0570136
0.344867 1.66096 0.0462483
0.4526 1.64979 0.0351338
0.533623 1.63281 0.0257704
0.650925 1.64462 0.0183834
0.752937 1.64401 0.0116912
0.851062 1.65703 0.00514639
0.950007 1.67054 -0.00698772
-0.334511 1.7872 0.85155
-0.252047 1.76154 0.840962
-0.156164 1.7314 0.825551
0.134396 1.75739 0.830248
-0.326995 1.78239 0.75681
-0.234857 1.75821 0.741693
-0.156279 1.73313 0.751938
0.125055 1.75389 0.746945
-0.343153 1.78536 0.65202
-0.230445 1.74346 0.644869
-0.15579 1.72634 0.653162
0.0808782 1.7508 0.647471
0.136073 1.7703 0.652082
-0.341819 1.77571 0.532126
-0.252036 1.75697 0.544207
-0.166476 1.72323 0.552715
0.0671187 1.74898 0.543258
0.121323 1.76105 0.550831
-0.352138 1.78347 0.4545
-0.247302 1.75317 0.440872
-0.150439 1.72165 0.455289
0.0605592 1.74367 0.452666
0.11995 1.76522 0.470733
-0.349904 1.77912 0.34226
-0.26231 1.74996 0.354586
-0.17535 1.73056 0.349988
0.0643731 1.74416 0.331645
0.114956 1.78089 0.345717
-0.339832 1.78117 0.243917
-0.247264 1.74922 0.256084
-0.169777 1.7214 0.252581
0.05295 1.74286 0.244063
0.111344 1.78463 0.258562
-1.0351 1.74508 0.180323
-0.952707 1.7538 0.171859
-0.856684 1.75762 0.163045
-0.756448 1.75962 0.154442
-0.666043 1.74982 0.148948
-0.556055 1.73021 0.137647
-0.446327 1.75788 0.138969
-0.339876 1.75738 0.146965
-0.250888 1.7315 0.152679
-0.171752 1.7162 0.175637
0.0606224 1.74702 0.156542
0.061372 1.74155 0.0853452
0.130634 1.74286 0.0734056
0.250578 1.75327 0.0594468
0.352848 1.75697 0.049614
0.458332 1.74755 0.0391122
0.532299 1.75465 0.0326034
0.639311 1.75177 0.0226714
0.737514 1.74527 0.0146357
0.856148 1.77182 0.00880908
0.911304 1.75749 0.00512153
0.960839 1.74692 -0.00432391
0.18448 1.85303 0.910444
-0.320798 1.81151 0.858228
0.146295 1.85237 0.845029
-0.324334 1.81253 0.787042
0.143536 1.8451 0.753604
0.144108 1.85555 0.650766
-0.362888 1.8043 0.536864
0.0986633 1.81781 0.560939
0.156244 1.8673 0.551748
-0.357962 1.80489 0.455629
0.136753 1.86001 0.460825
-0.35447 1.8047 0.354141
0.0839295 1.84303 0.35025
0.13596 1.85491 0.35713
0.0709508 1.83946 0.248376
0.124727 1.84371 0.23689
-1.04976 1.85355 0.184967
-0.950565 1.84734 0.173323
-0.849669 1.83298 0.165219
-0.773727 1.84512 0.159598
-0.639332 1.84677 0.149148
-0.562236 1.85293 0.144911
-0.452439 1.83059 0.1421
0.0673906 1.84077 0.169001
0.129933 1.85747 0.150935
0.0782446 1.82549 0.0886703
0.144486 1.86154 0.0799705
0.236966 1.85155 0.0650825
0.351669 1.8442 0.0539755
0.539053 1.85946 0.036853
0.62928 1.84705 0.0297733
0.75314 1.85831 0.0186277
0.850518 1.84123 0.0118239
0.925528 1.86958 0.0038862
0.978815 1.83969 -0.00333555
1.04528 1.84969 -0.00958665
0.182312 1.94646 0.929205
0.245765 1.96888 0.93355
0.183641 1.95815 0.835039
0.232989 1.95634 0.85591
0.172545 1.94733 0.75113
0.236991 1.95948 0.749601
0.173387 1.92771 0.642547
0.223299 1.95729 0.657621
0.153797 1.93968 0.549756
0.219954 1.96736 0.567729
0.152314 1.93509 0.455677
0.217538 1.96919 0.446962
0.158503 1.95128 0.357917
0.213474 1.98313 0.342754
0.152889 1.96212 0.250117
0.211884 1.97874 0.229804
-1.12881 1.94793 0.195644
-1.06014 1.95192 0.190754
-0.953581 1.94811 0.17954
-0.85422 1.93068 0.168154
-0.744715 1.93613 0.159482
-0.635413 1.96623 0.154528
-0.554947 1.95776 0.148909
0.153914 1.95936 0.159402
0.156 1.94752 0.0807495
0.248529 1.95088 0.0707511
0.345607 1.94677 0.0586729
0.451252 1.94703 0.0498874
0.551708 1.94611 0.0421286
0.644151 1.96359 0.0322796
0.74283 1.94787 0.0220326
0.861853 1.94361 0.0114256
0.955355 1.96062 0.00621896
1.05477 1.95638 -0.00589402
0.164102 2.00678 0.444282
-1.23259 2.07474 0.211225
-1.15531 2.05695 0.2047
0.147824 2.00994 0.237648
-1.04879 2.04501 0.193817
-0.951803 2.05367 0.183491
-0.861105 2.05058 0.174517
-0.767065 2.06952 0.164851
-0.640092 2.0491 0.160326
0.157191 2.01127 0.174121
0.180374 2.03699 0.0818112
0.248775 2.05838 0.0754215
0.349471 2.04512 0.0655795
0.448773 2.04182 0.057468
0.529297 2.07244 0.0479767
0.647262 2.04651 0.0357343
0.738141 2.04535 0.0270764
0.859698 2.03562 0.015683
0.936742 2.05672 0.0081345
1.13109 2.03332 -0.011431
1.2156 2.06742 -0.0186811
-1.23903 2.15638 0.220919
-1.16376 2.1331 0.210279
-0.953625 2.1527 0.190179
-0.868998 2.16549 0.179181
0.18441 2.13205 0.0835911
0.239235 2.15299 0.0776646
0.335646 2.14481 0.0705646
0.457318 2.14981 0.0575306
0.553938 2.13884 0.0478225
0.664665 2.13974 0.0378735
0.740698 2.15075 0.0283155
0.855068 2.14918 0.018805
0.946375 2.14532 0.0109066
1.02724 2.12072 0.00501013
1.06638 2.15681 -0.00181762
1.15162 2.16705 -0.00934712
1.25263 2.15437 -0.0190865
-1.32031 2.25107 0.221058
-1.25537 2.23233 0.22094
-1.13302 2.24799 0.213759
-1.04728 2.2611 0.203969
-0.952542 2.23965 0.193456
0.174272 2.24383 0.0910797
0.248915 2.24032 0.0804384
0.339424 2.25127 0.0754231
0.437945 2.26446 0.0703205
0.538772 2.24909 0.0541852
0.651853 2.24749 0.0469277
0.7565 2.24357 0.0336069
0.852755 2.25629 0.0241348
0.961502 2.23601 0.0102266
1.03247 2.25312 0.00714171
1.09474 2.24326 -0.00176422
1.15936 2.2659 -0.007327
1.2535 2.25614 -0.0154455
-1.42191 2.38861 1.17124
-1.35596 2.35612 0.232006
-1.23755 2.34903 0.223243
-1.16052 2.32886 0.219784
-1.0544 2.34635 0.209615
-0.985549 2.37354 0.202717
-0.845749 2.34649 0.183807
0.256863 2.33819 0.0828866
0.348594 2.3404 0.0738683
0.448401 2.33969 0.0695482
0.534105 2.33322 0.0624009
0.733829 2.34552 0.0397535
0.84865 2.36067 0.0286492
0.948409 2.34601 0.0154829
1.04242 2.35698 0.00845613
1.13095 2.36751 0.00307576
1.14841 2.33845 -0.00323935
1.23852 2.35863 -0.00979361
1.32752 2.36508 -0.0135364
-1.44312 2.47686 1.22214
-1.37292 2.48013 1.21272
-1.43789 2.46576 1.1484
-1.37931 2.45548 1.16078
-1.42474 2.45692 1.05043
-1.3679 2.4595 1.05122
-1.44336 2.45775 0.945124
-1.38197 2.45246 0.940803
-1.43939 2.43811 0.836118
-1.38373 2.44877 0.845571
-1.42954 2.44642 0.742974
-1.39312 2.43993 0.755884
-1.42378 2.45708 0.660717
-1.42216 2.46129 0.545231
-1.42875 2.45857 0.44085
-1.39101 2.48552 0.46808
-1.43108 2.46992 0.357728
-1.43762 2.47091 0.258502
-1.36076 2.46901 0.244747
-1.2442 2.44051 0.222775
-1.15869 2.43402 0.220401
-1.0497 2.45464 0.21383
-0.97945 2.45352 0.207118
-0.859044 2.44957 0.188324
0.183005 2.4113 0.0957557
0.262765 2.44463 0.0880387
0.349642 2.44215 0.0783674
0.457051 2.45109 0.0717052
0.536421 2.46809 0.0654656
0.654647 2.44981 0.054226
0.748533 2.44308 0.0419418
0.846874 2.4496 0.0329861
0.957505 2.45122 0.0204796
1.06366 2.44594 0.00927751
1.15206 2.45452 0.00518479
1.15714 2.42511 -0.00132293
1.26962 2.46816 -0.00521331
1.35414 2.45293 -0.0120485
1.42822 2.45847 -0.0203442
-1.45459 2.56579 1.24561
-1.34841 2.56067 1.25021
-1.51956 2.5506 1.15002
-1.45597 2.55743 1.14465
-1.34307 2.5394 1.15707
-1.47041 2.5463 1.05884
-1.35736 2.53902 1.05295
-1.51328 2.57557 0.94116
-1.4508 2.53277 0.952127
-1.35732 2.55241 0.952264
-1.52743 2.58522 0.853635
-1.45323 2.54523 0.859957
-1.36349 2.55445 0.852655
-1.52059 2.57214 0.743194
-1.45858 2.56242 0.736943
-1.36274 2.56338 0.754462
-1.51439 2.57734 0.649347
-1.4366 2.54272 0.66169
-1.37415 2.55858 0.645478
-1.52016 2.57872 0.557982
-1.45281 2.5347 0.566994
-1.38105 2.55859 0.551307
-1.52376 2.56159 0.450718
-1.43166 2.54923 0.442071
-1.37181 2.57271 0.443611
-1.4223 2.54866 0.325901
-1.37603 2.569 0.337995
-1.51213 2.56591 0.264332
-1.45153 2.5495 0.258556
-1.35218 2.56122 0.252403
-1.27478 2.54171 0.233625
-1.15291 2.54343 0.229477
-1.04551 2.53089 0.216303
-0.957174 2.55688 0.207807
-0.854717 2.54259 0.193731
0.248039 2.55215 0.0962186
0.342366 2.56678 0.0829503
0.446069 2.54541 0.0753269
0.546464 2.55034 0.0684856
0.6417 2.54844 0.0593029
0.731808 2.55667 0.047589
0.843167 2.5457 0.0357428
0.943178 2.5553 0.0268239
1.05141 2.54266 0.0157464
1.1508 2.53217 0.006047
1.24105 2.54283 0.00305145
1.25895 2.55483 -0.00451135
1.34659 2.54165 -0.00874467
1.45519 2.55596 -0.0175768
1.51475 2.56893 -0.0204898
-1.33686 2.65222 1.30971
-1.27807 2.65303 1.31122
-1.44411 2.64294 1.26075
-1.35519 2.63831 1.26328
-1.27358 2.67274 1.25067
-1.44938 2.65169 1.13884
-1.32783 2.63031 1.17439
-1.28366 2.65678 1.13595
-1.45017 2.65136 1.04239
-1.34308 2.63665 1.05285
-1.27648 2.68646 1.08197
-1.51447 2.63366 0.928392
-1.45 2.64113 0.939376
-1.32117 2.66228 0.956422
-1.27018 2.67197 0.949069
-1.4567 2.65403 0.854572
-1.32975 2.63559 0.863693
-1.28053 2.66773 0.850274
-1.5131 2.64108 0.747514
-1.45071 2.65048 0.75204
-1.32763 2.63464 0.749547
-1.29574 2.66163 0.7625
-1.53051 2.63325 0.648463
-1.45876 2.65574 0.638597
-1.33878 2.64177 0.654167
-1.29139 2.68489 0.651846
-1.52085 2.64172 0.544821
-1.46289 2.66309 0.546457
-1.3438 2.64287 0.55235
-1.53307 2.64497 0.448069
-1.4661 2.64908 0.44968
-1.33926 2.65001 0.449375
-1.53553 2.6479 0.345112
-1.47266 2.62725 0.361388
-1.35371 2.66107 0.34391
-1.53424 2.65173 0.277696
-1.44846 2.65606 0.268575
-1.34129 2.65936 0.258093
-1.26345 2.65361 0.239449
-1.13507 2.65797 0.230016
-1.04069 2.63978 0.221006
-0.953155 2.65113 0.211465
0.245251 2.65461 0.103555
0.351492 2.6384 0.0909584
0.456808 2.64153 0.078704
0.544149 2.65089 0.0686883
0.646097 2.65237 0.0581166
0.744821 2.63378 0.0478141
0.847834 2.64767 0.0365159
0.937461 2.67043 0.034735
1.06425 2.66323 0.0221249
1.16833 2.64476 0.0117284
1.25042 2.65521 0.0047935
1.27146 2.61868 -0.0035164
1.35278 2.65081 -0.00495272
1.45877 2.65139 -0.0116886
1.54876 2.64961 -0.0145479
-1.42135 2.7483 1.32396
-1.36982 2.75294 1.33288
-1.25796 2.75117 1.35105
-1.43081 2.7357 1.23621
-1.34978 2.73878 1.25694
-1.2583 2.74643 1.25052
-1.43542 2.75523 1.14563
-1.36285 2.73296 1.15953
-1.26298 2.7403 1.15286
-1.43668 2.74045 1.0565
-1.36177 2.76707 1.03535
-1.28165 2.74081 1.04321
-1.43229 2.73779 0.957931
-1.37135 2.75511 0.941284
-1.27811 2.72633 0.94938
-1.45168 2.75291 0.854839
-1.3673 2.75204 0.857155
-1.28113 2.74605 0.848231
-1.45095 2.74802 0.747133
-1.34812 2.72907 0.748971
-1.27332 2.75556 0.747448
-1.44893 2.74045 0.651416
-1.34195 2.74565 0.658534
-1.27687 2.75878 0.649584
-1.46357 2.74624 0.54446
-1.33784 2.73577 0.543836
-1.2857 2.73952 0.531799
-1.46118 2.75079 0.455817
-1.34023 2.75206 0.450856
-1.28652 2.75411 0.451083
-1.51401 2.72859 0.331086
-1.46163 2.73568 0.357651
-1.32159 2.72113 0.363394
-1.4521 2.74721 0.269493
-1.34067 2.7336 0.253363
-1.24258 2.73478 0.245575
-1.15499 2.75036 0.231018
-1.05168 2.73672 0.222432
-0.936133 2.7434 0.214307
-0.86267 2.76445 0.207349
-0.771558 2.76255 0.196189
0.255838 2.73427 0.107288
0.353531 2.75515 0.0937617
0.460611 2.75316 0.081446
0.555919 2.74754 0.0717682
0.647066 2.74756 0.0632542
0.737446 2.7426 0.0564427
0.846974 2.72954 0.0451951
0.952359 2.76886 0.0405317
1.04887 2.75894 0.0285763
1.15576 2.76689 0.0193671
1.2363 2.76842 0.0117293
1.37089 2.75434 0.00109222
1.37905 2.75522 -0.003779
1.44582 2.74086 -0.00921332
1.55077 2.75638 -0.0149847
-1.34553 2.85781 1.41077
-1.34982 2.84326 1.34697
-1.18441 2.86893 1.36522
-1.35453 2.85492 1.25371
-1.24041 2.84344 1.26021
-1.42072 2.82572 1.15345
-1.35858 2.85547 1.14118
-1.1908 2.87108 1.14409
-1.42637 2.83669 1.04552
-1.36391 2.85229 1.06215
-1.26753 2.87633 1.04312
-1.42121 2.841 0.940243
-1.3563 2.85458 0.946478
-1.23934 2.88048 0.95007
-1.42042 2.83962 0.868925
-1.35281 2.85495 0.84684
-1.21891 2.85643 0.855446
-1.4294 2.84963 0.748051
-1.36242 2.85959 0.749781
-1.22719 2.85607 0.744957
-1.43559 2.8478 0.660104
-1.35329 2.85296 0.65815
-1.24064 2.83018 0.67525
-1.44715 2.84795 0.556338
-1.38018 2.83813 0.543337
-1.23599 2.8556 0.562864
-1.45387 2.8515 0.457097
-1.3776 2.82497 0.46841
-1.25739 2.84791 0.446634
-1.4569 2.85128 0.347673
-1.36762 2.85504 0.338513
-1.27122 2.8362 0.376005
-1.43854 2.84806 0.27529
-1.35171 2.85255 0.262165
-1.2505 2.84912 0.26193
-1.14787 2.85215 0.237446
-1.03947 2.84032 0.226943
-0.940851 2.85873 0.214336
-0.839254 2.85868 0.209891
-0.739917 2.86011 0.198069
0.325758 2.85356 0.101763
0.466879 2.86199 0.0841731
0.552752 2.84276 0.0738851
0.660017 2.84734 0.0654712
0.743056 2.85524 0.0603643
0.847986 2.86027 0.0527402
0.946643 2.84762 0.0410498
1.0585 2.83643 0.0298264
1.14739 2.85455 0.0205198
1.22464 2.85385 0.0139198
1.35088 2.86287 0.00476427
1.44704 2.84755 -0.00531152
1.54774 2.84648 -0.0163492
1.64599 2.85848 -0.0236068
-1.32952 2.93839 1.4375
-1.15798 2.9407 1.42939
-1.32674 2.95464 1.36363
-1.15745 2.93639 1.35598
-1.34754 2.94511 1.23481
-1.16814 2.95068 1.24651
-1.34983 2.93949 1.14823
-1.26202 2.94759 1.14585
-1.17111 2.95436 1.14446
-1.3539 2.95917 1.0455
-1.23369 2.94897 1.03838
-1.17398 2.98233 1.04135
-1.36824 2.94959 0.936855
-1.23433 2.95486 0.948601
-1.18745 2.97368 0.947761
-1.37643 2.957 0.850844
-1.22522 2.94916 0.836358
-1.38068 2.96521 0.753273
-1.21882 2.93457 0.776074
-1.41582 2.9224 0.636803
-1.38518 2.94851 0.648188
-1.21645 2.9445 0.647963
-1.18148 2.9718 0.635804
-1.40848 2.93864 0.549895
-1.36965 2.93589 0.529711
-1.22509 2.96152 0.534763
-1.418 2.94304 0.454074
-1.37151 2.94639 0.442546
-1.23778 2.96457 0.450441
-1.43277 2.93863 0.337679
-1.34849 2.95145 0.335832
-1.23699 2.96683 0.344599
-1.42184 2.92837 0.272609
-1.34726 2.94731 0.265594
-1.25253 2.95986 0.269547
-1.16952 2.93063 0.242451
-1.06014 2.93678 0.228155
-0.946126 2.96007 0.224181
-0.836221 2.94974 0.213129
-0.755633 2.96196 0.205151
0.347492 2.97626 0.109509
0.436902 2.92902 0.0906061
0.567055 2.93795 0.0757105
0.645027 2.95281 0.0690275
0.748523 2.93595 0.0643847
0.858811 2.95657 0.0547249
0.935048 2.94009 0.0469816
1.05421 2.95085 0.0331537
1.15817 2.95511 0.0228145
1.26637 2.92983 0.0128208
1.33714 2.94519 0.00717591
1.37188 2.93125 -0.00262431
1.45535 2.95697 -0.0049157
1.55422 2.94561 -0.0106888
1.73792 2.94645 -0.0272067
-1.27677 3.06356 1.46079
-1.12353 3.03399 1.44488
-1.30916 3.04629 1.34869
-1.28506 3.05509 1.34681
-1.14123 3.04717 1.34009
-1.08671 3.0607 1.36365
-1.31063 3.03961 1.24065
-1.27818 3.0662 1.2325
-1.1288 3.05533 1.25141
-1.32482 3.03364 1.15349
-1.28362 3.06935 1.15355
-1.13917 3.05742 1.15356
-1.32203 3.03004 1.05734
-1.27776 3.06665 1.06131
-1.13052 3.05891 1.05781
-1.33552 3.04309 0.958974
-1.14837 3.05696 0.955086
-1.33144 3.04908 0.854905
-1.1613 3.06009 0.846269
-1.33093 3.06696 0.754035
-1.28012 3.08812 0.729357
-1.15936 3.03523 0.749183
-1.35974 3.03898 0.646841
-1.25564 3.04351 0.629433
-1.16346 3.049 0.652423
-1.36556 3.05342 0.556344
-1.20642 3.02326 0.545557
-1.17165 3.0405 0.564781
-1.37197 3.06014 0.448626
-1.21753 3.02834 0.439009
-1.18515 3.05363 0.44844
1.57048 3.06897 0.426181
1.65897 3.04377 0.438228
1.72366 3.05039 0.434049
-1.36029 3.04727 0.340371
-1.2207 3.03267 0.332949
-1.17476 3.06099 0.346261
1.64962 3.04194 0.382829
1.75126 3.05513 0.357491
1.82076 3.05096 0.367333
-1.35625 3.05878 0.273089
-1.25385 3.0561 0.26548
-1.1545 3.05662 0.260693
-1.05703 3.03039 0.232109
-0.959627 3.04653 0.226463
-0.836231 3.05959 0.217502
-0.744284 3.0565 0.20901
-0.665269 3.073 0.203228
-0.556536 3.08092 0.195777
0.422419 3.07209 0.103501
0.451136 3.03426 0.092928
0.537002 3.04975 0.085832
0.655234 3.05022 0.0717618
0.743856 3.04147 0.0655572
0.848989 3.0536 0.0583633
0.952178 3.05817 0.0466398
1.07013 3.05479 0.0342398
1.13466 3.05073 0.0289858
1.35252 3.05781 0.00905999
1.4274 3.05522 0.00412836
1.54651 3.05271 0.0187917
1.77504 3.07895 0.0154365
1.46425 3.03619 -0.00500308
1.56606 3.05112 -0.00946588
1.63745 3.04822 -0.018249
1.75119 3.05778 -0.0215927
1.83026 3.09068 -0.0264478
-1.22964 3.15488 1.53469
-1.07068 3.14201 1.52495
-1.25436 3.14871 1.44302
-1.06283 3.15128 1.4505
-1.26519 3.14992 1.34452
-1.06837 3.15935 1.36475
-1.26786 3.14785 1.25143
-1.1075 3.15218 1.26305
-1.06844 3.16521 1.25029
-1.26452 3.16369 1.15365
-1.11167 3.13798 1.13841
-1.06787 3.1599 1.1422
-1.26603 3.1616 1.05441
-1.11183 3.12485 1.04357
-1.0812 3.16472 1.0419
-1.31614 3.11875 0.943217
-1.27461 3.17346 0.940639
-1.12774 3.14298 0.949405
-1.08502 3.15512 0.962509
-1.3188 3.14451 0.845287
-1.28152 3.16365 0.858318
-1.12863 3.14363 0.839637
-1.07864 3.16327 0.84755
-1.32639 3.14872 0.753988
-1.28288 3.16089 0.785606
-1.11915 3.14844 0.747761
-1.09138 3.16137 0.753426
-1.33426 3.14649 0.642053
-1.29014 3.17037 0.663449
-1.12367 3.14855 0.663173
-1.33362 3.1531 0.549117
-1.12579 3.14824 0.561301
-1.09009 3.16336 0.54046
-1.33949 3.14667 0.451366
-1.12011 3.14842 0.462716
1.54019 3.15133 0.439176
-1.33506 3.14525 0.347906
-1.25897 3.1526 0.314074
-1.13818 3.14652 0.339567
1.57851 3.14595 0.371046
1.65192 3.11422 0.358547
-1.32848 3.14821 0.274808
-1.25619 3.14584 0.266922
-1.15585 3.1525 0.258171
-1.05556 3.15172 0.251479
-0.946016 3.1592 0.234541
-0.861787 3.16567 0.219168
-0.747863 3.15008 0.214367
-0.650715 3.15865 0.205304
-0.560349 3.14805 0.201008
-0.557881 3.14695 0.196042
1.53793 3.18327 0.114097
1.64322 3.18726 0.117349
1.74154 3.18814 0.12159
1.80633 3.15722 0.1086
0.55625 3.1559 0.0885659
0.656766 3.1483 0.0756023
0.760331 3.1553 0.0657305
0.852933 3.1374 0.0590158
0.961484 3.13958 0.0501259
1.0605 3.15388 0.0438222
1.14545 3.15021 0.0317228
1.25054 3.12681 0.0210827
1.34447 3.15129 0.0135151
1.46994 3.14753 0.0405
1.77369 3.13963 0.0614113
1.80888 3.14219 0.0767537
1.47371 3.13265 -0.00694516
1.5533 3.14069 -0.00711564
1.665 3.13054 -0.0156321
1.74745 3.15756 -0.0201425
1.84401 3.14396 -0.0249446
-1.17121 3.2426 1.6139
-1.16716 3.246 1.5421
-1.02877 3.24098 1.55049
-1.22153 3.22348 1.45072
-1.17777 3.26046 1.46097
-1.03632 3.23442 1.42122
-1.22438 3.23501 1.35169
-1.03978 3.23266 1.33463
-1.23871 3.23987 1.24916
-1.23811 3.24614 1.14807
-1.06002 3.2174 1.13856
-1.24107 3.24636 1.05892
-1.0666 3.21224 1.03837
-1.25572 3.25161 0.965146
-1.06739 3.22318 0.956077
-1.26887 3.24902 0.848366
-1.05896 3.24999 0.854796
-1.31551 3.2213 0.748842
-1.27451 3.24257 0.743203
-1.06555 3.25325 0.743172
-1.32317 3.21137 0.644911
-1.2752 3.24717 0.645672
-1.11207 3.20901 0.629806
-1.0682 3.24507 0.639637
1.46901 3.29357 0.646616
-1.3095 3.22928 0.542379
-1.28122 3.25406 0.572526
-1.05789 3.23921 0.528174
-1.31924 3.23238 0.450033
-1.26831 3.2593 0.45526
-1.11525 3.2235 0.461469
-1.05665 3.24106 0.451895
-1.32866 3.24653 0.355921
-1.119 3.22261 0.352571
-1.06494 3.24625 0.345099
1.52783 3.2369 0.362925
-1.25541 3.24518 0.268443
-1.1437 3.26399 0.267515
-1.06099 3.24572 0.260194
-0.958118 3.24107 0.227645
-0.846326 3.24971 0.224853
-0.748693 3.24109 0.214181
-0.651683 3.24142 0.208284
-0.556378 3.26149 0.205492
1.72332 3.2431 0.225838
-0.530943 3.23287 0.195468
-0.455528 3.25604 0.194909
-0.368001 3.2775 0.188593
0.268785 3.27222 0.126656
0.450463 3.26711 0.110327
1.56023 3.24189 0.112439
1.65124 3.2539 0.130053
1.73377 3.2442 0.145436
0.558403 3.25496 0.0935053
0.662391 3.24287 0.0808391
0.753477 3.24767 0.0738303
0.854068 3.249 0.063682
0.950088 3.25312 0.0569754
1.05428 3.25937 0.0475981
1.14294 3.24443 0.0388801
1.34131 3.26748 0.0170314
1.43907 3.22205 0.0284705
1.66373 3.27287 0.0889934
1.72665 3.24729 0.0810998
1.55136 3.23852 -0.00381193
1.63914 3.24401 -0.0109235
1.74379 3.23502 -0.017023
1.84021 3.24088 -0.0198974
-1.13443 3.35009 1.63576
-1.13926 3.34146 1.55965
-1.15656 3.35316 1.45501
-1.20737 3.32216 1.34658
-1.18047 3.35261 1.36262
-1.21119 3.33704 1.24121
-1.18253 3.35516 1.24086
-1.2061 3.35995 1.14037
-1.18658 3.35787 1.16366
-1.2292 3.33253 1.06096
-1.17397 3.37838 1.05121
-1.23036 3.34226 0.946844
-1.17161 3.37202 0.946456
-1.24397 3.34418 0.844536
-1.24401 3.35689 0.756258
1.43769 3.33666 0.751904
-1.24823 3.36177 0.648512
1.43393 3.32806 0.649477
-1.25563 3.34842 0.550591
1.4428 3.32456 0.569298
-1.26494 3.35737 0.446982
-1.2632 3.36172 0.343605
-1.14898 3.34333 0.308256
-1.24523 3.35281 0.274953
-1.14978 3.34369 0.265199
-1.04904 3.34517 0.260721
-0.946643 3.35389 0.244342
-0.8526 3.34101 0.229729
-0.750705 3.35584 0.221764
-0.640451 3.34055 0.214314
-0.540847 3.33732 0.206543
-0.475676 3.35841 0.201352
1.65361 3.34532 0.249992
-0.43597 3.35902 0.195893
-0.362989 3.34089 0.189727
-0.246629 3.36973 0.178432
-0.151433 3.36164 0.169746
-0.0347748 3.36267 0.160421
0.137461 3.35695 0.143608
0.245396 3.33446 0.130194
0.340864 3.34585 0.121659
0.448065 3.35838 0.110526
1.5686 3.36504 0.126013
1.65649 3.34525 0.160108
0.579222 3.36784 0.0961064
0.651582 3.35873 0.0892868
0.760323 3.35402 0.0790044
0.854435 3.35774 0.0683992
0.947531 3.35148 0.0576662
1.06757 3.35152 0.0481358
1.14812 3.34825 0.0411237
1.23956 3.35713 0.031275
1.35818 3.36346 0.0201879
1.44665 3.3509 0.0269606
1.5413 3.35425 0.0567015
1.6309 3.34659 -0.00949125
1.75659 3.34384 -0.0152357
1.83442 3.34224 -0.0183309
-1.11598 3.45122 1.66463
-1.07994 3.46432 1.65246
-1.125 3.44234 1.55425
-1.08109 3.46418 1.57563
-1.1374 3.46224 1.45165
-1.15242 3.44934 1.3527
-1.15431 3.46084 1.25076
-1.15898 3.45925 1.15031
-1.16689 3.45889 1.06013
-1.18071 3.46048 0.969122
-1.20341 3.4338 0.856217
-1.17936 3.46349 0.856655
-1.21531 3.44087 0.752993
-1.18277 3.45925 0.752708
-1.23323 3.43254 0.639012
-1.18989 3.45559 0.643023
-1.22476 3.45192 0.560962
-1.17875 3.47382 0.53214
1.52534 3.44697 0.522761
-1.23465 3.44397 0.461185
-1.15784 3.48951 0.47214
1.47423 3.45742 0.454157
1.51921 3.46612 0.44622
-1.23875 3.45569 0.340943
-1.17038 3.46652 0.334969
1.48511 3.47733 0.365385
1.5221 3.44355 0.332921
-1.22471 3.45237 0.274076
-1.15063 3.4432 0.264079
-1.02993 3.44846 0.259492
-0.95891 3.45531 0.251959
-0.849612 3.46597 0.236204
-0.759781 3.44463 0.228295
-0.63547 3.46895 0.219446
-0.565806 3.43128 0.212738
-0.46338 3.4469 0.203767
-0.33841 3.45087 0.190775
-0.245752 3.44132 0.18244
-0.142253 3.45718 0.171249
-0.0381957 3.43508 0.161848
0.051891 3.45314 0.154328
0.155287 3.43786 0.144856
0.26237 3.44653 0.131188
0.3333 3.45626 0.124234
0.46493 3.43282 0.112927
0.530136 3.43641 0.109847
1.45423 3.46336 0.118449
1.54817 3.415 0.143575
0.660021 3.4424 0.0917356
0.7328 3.44843 0.0844569
0.834385 3.44476 0.0727235
0.945874 3.44757 0.0615947
1.05634 3.4387 0.0550122
1.26815 3.45412 0.0331951
1.36456 3.44471 0.0329022
1.44145 3.45448 0.0506169
1.53225 3.44206 0.023723
1.65626 3.43799 -0.00441321
1.75191 3.45508 -0.0124518
1.85306 3.45417 -0.0201517
1.91239 3.46844 -0.01797
-1.05169 3.55788 1.72969
-1.05294 3.55376 1.63604
-1.05724 3.56569 1.53999
-1.11829 3.53864 1.43254
-1.08137 3.56306 1.45709
-1.1233 3.53653 1.34542
-1.07853 3.57848 1.34583
-1.12764 3.54778 1.25522
-1.08483 3.58043 1.24884
-1.12801 3.54948 1.14017
-1.1391 3.55014 1.04012
-1.1525 3.55491 0.953084
-1.1556 3.55479 0.850449
-1.15491 3.53923 0.747135
-1.16319 3.55158 0.654855
-1.16612 3.5624 0.55147
1.62396 3.51647 0.561914
-1.20928 3.52407 0.452327
-1.16169 3.54585 0.459562
-1.21472 3.53545 0.3469
-1.16869 3.54837 0.335496
-1.21557 3.54307 0.286507
-1.16492 3.54299 0.271918
-1.06018 3.55137 0.264026
-0.948823 3.54453 0.257828
-0.860235 3.55435 0.244302
-0.654673 3.57005 0.22622
-0.544971 3.54001 0.21468
-0.433774 3.55603 0.205822
-0.339185 3.53692 0.194454
-0.262936 3.54301 0.187848
-0.14669 3.55289 0.176593
-0.0338037 3.53207 0.163728
0.0461667 3.55475 0.15791
0.152534 3.5541 0.146811
0.255798 3.54818 0.13684
0.353064 3.56361 0.125373
0.446044 3.55966 0.118397
0.559135 3.5659 0.108476
0.6557 3.55197 0.0963039
0.733994 3.53772 0.0867718
0.844459 3.55482 0.0758505
0.957199 3.5622 0.0648306
1.04777 3.57114 0.0567602
1.13888 3.55024 0.0509767
1.35689 3.55984 0.0369956
1.45764 3.51175 0.0318388
1.53087 3.55849 0.0123786
1.74497 3.55366 -0.00652801
1.85161 3.53072 -0.0184604
1.94142 3.55948 -0.0219564
2.00708 3.55856 -0.0172515
-1.01792 3.61529 1.75648
-1.04349 3.60939 1.62489
-1.06664 3.63993 1.4476
-1.06808 3.64946 1.35742
-1.06597 3.65138 1.23722
-1.12091 3.6259 1.13807
-1.07397 3.65654 1.15055
-1.11427 3.64502 1.06292
-1.08019 3.65335 1.04537
-1.1175 3.62658 0.944262
-1.1207 3.64577 0.843173
-1.09162 3.65816 0.838939
-1.13576 3.65523 0.76652
-1.13961 3.64529 0.655278
-1.14521 3.63858 0.545503
-1.15512 3.64784 0.452581
-1.15467 3.6401 0.338056
-1.06282 3.67878 0.315074
-1.15188 3.63344 0.27537
-1.04801 3.66426 0.266731
-0.949278 3.65942 0.256896
-0.831604 3.65517 0.246796
-0.752201 3.65018 0.236043
-0.650151 3.66062 0.226365
-0.538869 3.64534 0.218768
-0.435544 3.65499 0.210149
-0.244425 3.65547 0.190462
-0.156621 3.66027 0.183823
-0.0503776 3.64717 0.170315
0.0375653 3.64586 0.161895
0.143592 3.66031 0.151434
0.245224 3.6623 0.141294
0.347283 3.66811 0.131752
0.450617 3.66482 0.120962
0.551152 3.65 0.112072
0.618267 3.64996 0.106712
0.755757 3.6686 0.0907892
0.842312 3.64649 0.0804277
0.95498 3.66489 0.0680403
1.05113 3.63387 0.0577986
1.1374 3.65093 0.0526066
1.24702 3.63942 0.0446252
1.35946 3.65236 0.0356313
1.55043 3.65421 0.0160595
1.62846 3.63587 0.00642056
1.77857 3.63351 -0.00281008
1.85035 3.64573 -0.011418
1.95846 3.6586 -0.0201984
-1.03388 3.7636 1.44261
-1.05506 3.75079 1.3433
-1.05485 3.74017 1.24265
-1.06015 3.74382 1.14732
-1.05906 3.74136 1.05658
-1.06197 3.75323 0.951546
-1.10671 3.70625 0.840059
-1.08493 3.74994 0.848867
-1.10966 3.71348 0.78298
-1.08596 3.7602 0.753411
-1.11905 3.72447 0.651547
-1.12742 3.73378 0.545578
-1.08364 3.76185 0.546393
1.05282 3.78287 0.536938
1.52896 3.78324 0.577457
-1.13166 3.74272 0.4588
-1.13815 3.74113 0.343483
-1.12021 3.73483 0.277447
-1.04494 3.75822 0.268567
-0.952282 3.74936 0.259542
-0.858964 3.76038 0.251883
-0.768199 3.75073 0.243619
-0.655266 3.77066 0.239338
-0.566767 3.74078 0.226229
-0.444122 3.75188 0.216224
-0.346311 3.75428 0.205907
-0.247353 3.73555 0.194134
-0.157462 3.75438 0.186118
-0.045966 3.75083 0.174879
0.032779 3.75457 0.166705
0.150078 3.74426 0.154686
0.265346 3.75896 0.143999
0.362217 3.74151 0.132551
0.454949 3.74117 0.123193
0.562092 3.74364 0.116305
0.648892 3.75349 0.110167
2.25374 3.7933 0.153875
0.750919 3.75539 0.0955361
0.8499 3.75837 0.0855964
0.947471 3.74581 0.0747406
1.05057 3.74442 0.0632893
1.15421 3.75685 0.0574575
1.2481 3.74495 0.046761
1.34048 3.76093 0.0415596
1.44457 3.75383 0.0391009
1.57223 3.74992 0.0203185
1.66393 3.74144 0.0101446
1.92353 3.7251 -0.00930577
2.27282 3.88069 1.91526
2.16473 3.89496 1.84898
2.2445 3.8774 1.84123
2.31139 3.86875 1.85613
2.24223 3.87983 1.74299
2.30853 3.87198 1.75185
2.18063 3.88467 1.63378
2.26925 3.87014 1.64036
2.25068 3.87967 1.55898
-0.982889 3.86972 1.44682
2.27478 3.88084 1.4607
-1.01278 3.84202 1.35853
-0.992126 3.87379 1.35327
2.26722 3.87344 1.31336
-1.02199 3.8336 1.24556
2.26783 3.87214 1.26128
-1.02222 3.85432 1.15895
-1.04112 3.84184 1.05069
-1.04355 3.84758 0.949909
-1.04816 3.8591 0.84972
-1.06427 3.84072 0.755512
-1.06288 3.85836 0.648515
1.44707 3.86701 0.635046
1.53148 3.85847 0.618728
-1.07939 3.84372 0.548421
0.750779 3.87005 0.542484
0.856417 3.85694 0.557286
0.952136 3.85612 0.545889
1.04124 3.83763 0.556091
1.35083 3.86964 0.555272
1.44749 3.85571 0.54758
1.52826 3.83596 0.53972
-1.08254 3.86504 0.438373
1.36715 3.87117 0.457119
1.44974 3.83706 0.448649
1.52476 3.83474 0.452743
-1.10736 3.82571 0.339354
-1.09158 3.84966 0.341444
1.34549 3.85803 0.350317
1.44306 3.8558 0.352303
1.52647 3.82333 0.374074
-1.0549 3.85003 0.27686
-0.958262 3.83435 0.259742
-0.855378 3.85298 0.255274
-0.753579 3.85238 0.250526
-0.648465 3.84813 0.241568
-0.533943 3.84813 0.227749
-0.437147 3.83553 0.21778
-0.353362 3.85719 0.215384
1.35465 3.87448 0.240939
1.43188 3.84538 0.240359
1.51035 3.82745 0.244066
2.2491 3.84911 0.230692
2.3084 3.88499 0.247069
-0.150592 3.85747 0.189106
-0.0660805 3.84794 0.180036
0.0524979 3.84456 0.168503
0.122386 3.86364 0.162456
0.260216 3.85273 0.148395
0.341867 3.86152 0.139767
0.458568 3.84764 0.12741
0.564429 3.85531 0.118297
0.645402 3.85283 0.111978
0.725567 3.86872 0.107274
1.34463 3.86243 0.140566
1.43458 3.85193 0.135672
2.26039 3.84459 0.157977
2.32348 3.89202 0.159938
0.859612 3.83431 0.0879633
0.960206 3.85506 0.07805
1.0548 3.87293 0.0683758
1.14574 3.83193 0.0590944
1.25247 3.85503 0.0551136
1.34565 3.85613 0.049274
1.45277 3.84942 0.0534837
1.55639 3.8336 0.0361638
1.66587 3.82092 0.0170723
2.26207 3.85204 0.0726509
2.33074 3.89674 0.0657293
2.05899 3.96668 1.93866
2.14455 3.94183 1.93258
2.24937 3.92342 1.91489
2.32555 3.93249 1.92563
1.97728 3.99246 1.86355
2.06233 3.95613 1.85516
2.15056 3.94036 1.85093
2.26114 3.95901 1.83495
2.34359 3.96227 1.83773
2.0604 3.96281 1.74109
2.14185 3.94872 1.75187
2.24765 3.94788 1.75092
2.33026 3.97155 1.74724
2.05556 3.95329 1.64975
2.15272 3.95147 1.64828
2.25011 3.94684 1.64545
2.34263 3.96366 1.63734
2.06162 3.9572 1.57266
2.14129 3.94945 1.55057
2.25367 3.95606 1.54709
2.34424 3.94633 1.54105
-0.953752 3.95136 1.44214
2.06644 3.95617 1.47391
2.1449 3.95421 1.46095
2.24658 3.93716 1.45761
2.34777 3.96424 1.4527
-0.971742 3.94191 1.36407
2.15936 3.97515 1.33437
2.25869 3.97238 1.34464
2.33753 3.96105 1.3691
-0.976469 3.94818 1.2569
2.25224 3.95757 1.24615
2.34127 3.94642 1.24619
-0.985762 3.94415 1.13573
2.16318 3.98824 1.14379
2.25689 3.9666 1.1646
2.32974 3.93932 1.14904
-0.981144 3.96762 1.06118
2.26405 3.96277 1.05044
2.33931 3.96606 1.05468
-1.01234 3.94457 0.956347
-0.985413 3.96061 0.966045
2.15557 3.99565 0.933894
2.25806 3.96945 0.950778
2.33973 3.96434 0.946779
-1.02958 3.93295 0.85595
2.15507 3.96962 0.850806
2.23579 3.95058 0.849212
2.33158 3.95979 0.853646
-1.02522 3.94676 0.742957
2.16138 3.96859 0.759022
2.26174 3.94865 0.742549
2.31856 3.95474 0.756838
-1.02832 3.94867 0.647264
0.566384 3.96926 0.620895
0.650096 3.96653 0.619518
0.741574 3.94375 0.614448
0.845264 3.96569 0.612191
0.942354 3.9625 0.609683
1.26197 3.95517 0.64033
1.34065 3.9529 0.634899
1.46515 3.95305 0.643058
1.52898 3.95287 0.633936
2.08259 3.98161 0.671087
2.15804 3.96859 0.649954
2.24332 3.94344 0.644087
2.34705 3.97856 0.666741
-1.03252 3.94967 0.551398
0.575512 3.97605 0.583664
0.653153 3.94567 0.555234
0.74921 3.95345 0.548641
0.857575 3.94273 0.539448
0.945325 3.94203 0.545428
1.02677 3.94372 0.54291
1.25007 3.95706 0.548212
1.35115 3.95464 0.553399
1.45003 3.95014 0.549659
2.03626 3.99275 0.52647
2.14782 3.96539 0.552683
2.25466 3.94007 0.557533
2.34969 3.94964 0.542181
-1.05114 3.94486 0.454044
0.987093 3.98091 0.45136
1.18803 3.97713 0.447895
1.26333 3.95542 0.447625
1.33825 3.94065 0.44998
1.44995 3.94995 0.457503
2.17754 3.94891 0.482958
2.2483 3.94894 0.48835
2.33794 3.95842 0.482992
-1.05554 3.95818 0.348898
1.1806 3.96626 0.334848
1.24415 3.95617 0.34761
1.34384 3.95344 0.346491
1.44723 3.9416 0.347267
2.25442 3.93691 0.310737
-1.03785 3.93592 0.277467
-0.945183 3.9535 0.266067
-0.843723 3.95208 0.256684
-0.735076 3.9547 0.249407
-0.656683 3.95316 0.244106
-0.557473 3.94792 0.236701
-0.446483 3.95116 0.226511
-0.355874 3.93384 0.215989
-0.248909 3.96311 0.20516
1.18676 3.98341 0.273423
1.24576 3.95506 0.244125
1.35777 3.9373 0.250478
1.44022 3.92643 0.267941
2.07781 3.97096 0.269774
2.15986 3.97436 0.259353
2.23653 3.94912 0.255619
2.31771 3.96091 0.260399
-0.144048 3.94367 0.191737
-0.0680621 3.94597 0.184504
0.0566669 3.94564 0.173428
0.149999 3.96142 0.165061
0.237893 3.94691 0.158075
0.348919 3.92881 0.143187
0.443712 3.95911 0.133508
0.56519 3.95976 0.119416
0.633638 3.94408 0.11621
0.76002 3.94844 0.10777
0.841403 3.94302 0.107697
0.955395 3.9725 0.154967
1.18548 3.95724 0.162035
1.25194 3.95299 0.149785
1.34825 3.93411 0.150914
1.43968 3.94335 0.157101
2.05308 3.97667 0.135764
2.17413 3.95699 0.150711
2.25687 3.95549 0.146487
0.978636 3.94358 0.0841633
1.05436 3.97428 0.0751147
1.15394 3.94245 0.0640613
1.25065 3.93815 0.0590704
1.35067 3.95607 0.0631159
1.44653 3.94337 0.0563668
2.16189 3.97694 0.0752427
2.25901 3.96547 0.0529271
2.31662 3.93215 0.0676335
