5.55719 3.96464 -0.334363
5.3609 3.91109 -0.351154
5.12413 3.917 -0.321957
5.08294 3.922 -0.320281
6.1465 3.9214 -0.247469
6.08092 3.916 -0.221356
5.96604 3.98039 -0.234981
5.81645 3.998 -0.239245
5.52435 3.96925 -0.268298
5.12706 3.907 -0.254229
5.07557 3.92085 -0.246086
6.13849 3.92816 -0.152899
6.06602 3.95483 -0.153571
5.9884 3.975 -0.119293
5.14434 3.907 -0.151145
6.25219 3.917 -0.065269
6.14904 3.94391 -0.0633893
5.97239 3.963 -0.0816364
5.87208 3.998 -0.0905367
5.53051 3.98486 -0.0482985
5.12426 3.907 -0.0116944
5.08508 3.94196 -0.0542924
5.53232 3.97829 0.0476607
5.14212 3.907 0.0482173
5.07035 3.93407 0.050874
4.47133 3.9252 0.0875532
6.23605 3.91174 0.153584
6.13984 3.95416 0.154076
6.04876 3.9583 0.16096
5.9559 3.9888 0.154821
5.53512 3.99225 0.160724
5.11876 3.94447 0.165445
5.08674 3.93113 0.15215
4.63198 3.91825 0.144637
4.5527 3.91021 0.136578
6.24181 3.92336 0.270747
6.1492 3.94975 0.260609
6.06152 3.97756 0.256228
5.97051 3.98742 0.238713
5.44342 3.95994 0.248259
5.36643 3.94523 0.236727
5.24431 3.93413 0.229815
5.15176 3.95827 0.218518
6.22186 3.907 0.350149
6.14424 3.94859 0.35139
6.06168 3.98048 0.333428
6.24974 3.907 0.457742
6.15233 3.95231 0.448772
6.07836 3.975 0.457948
6.24209 3.92152 0.553505
6.1652 3.951 0.555882
6.0486 3.99493 0.531963
6.23974 3.91471 0.655091
6.15175 3.95883 0.651575
6.09338 3.99033 0.635872
6.23421 3.912 0.72196
6.15835 3.95988 0.751004
6.15839 3.96402 0.844061
6.09414 3.975 0.838234
6.15074 3.96926 0.948316
6.08422 3.97709 0.951005
6.22984 3.92424 1.05079
6.15465 3.95442 1.05231
6.22984 3.907 1.15995
6.14739 3.95757 1.15437
6.23904 3.92035 1.24566
6.15606 3.94493 1.25411
6.2374 3.9255 1.36335
6.14833 3.96479 1.35675
6.08873 3.9796 1.36371
6.24034 3.907 1.44309
6.13269 3.95116 1.44626
6.08325 3.9751 1.44158
6.23624 3.92202 1.55585
6.06983 3.95094 1.54767
6.33436 3.95216 1.65412
6.257 3.94024 1.64674
6.06184 3.95351 1.64996
3.45049 1.35257 -0.320284
3.54775 1.35584 -0.323583
3.64981 1.35649 -0.329027
3.73929 1.36183 -0.329095
3.84995 1.35512 -0.330192
3.94838 1.34328 -0.332448
4.04052 1.35263 -0.332032
6.2469 3.95216 1.75116
6.14293 3.93325 1.75323
6.04121 3.93531 1.74273
5.95193 3.94978 1.76261
6.33686 3.998 1.81674
5.45898 3.83943 -0.336945
5.34833 3.84107 -0.345366
5.25208 3.8425 -0.327811
5.15184 3.84376 -0.333323
3.24518 1.45054 -0.315221
3.3422 1.43864 -0.318645
3.43613 1.45035 -0.321198
3.55096 1.44611 -0.321704
3.65194 1.44751 -0.326467
3.75264 1.45453 -0.327649
3.84429 1.4502 -0.328296
3.95914 1.45266 -0.332376
4.0444 1.44851 -0.332457
6.23583 3.83035 -0.242444
6.17606 3.84055 -0.222515
5.23135 3.82661 -0.241908
5.15897 3.85325 -0.245989
6.23726 3.85032 -0.136482
6.17448 3.84967 -0.156933
5.24948 3.84404 -0.1509
5.18275 3.864 -0.157013
3.86939 1.59398 -0.280677
3.1619 1.55832 -0.310667
3.23935 1.54076 -0.313567
3.34967 1.54337 -0.318299
3.44098 1.54532 -0.320465
3.55558 1.5498 -0.322401
3.64861 1.55145 -0.323638
3.75037 1.54949 -0.326208
3.85439 1.55246 -0.323682
3.95499 1.5523 -0.331187
4.039 1.55511 -0.332794
4.14667 1.5508 -0.333299
5.23352 3.83852 -0.0492334
5.15052 3.85683 -0.0521263
5.47205 3.84011 0.0294056
5.32704 3.821 0.0713947
5.24819 3.83903 0.0534672
5.1623 3.85594 0.0632611
4.84824 3.8554 0.0695824
3.7673 1.68469 0.727755
3.85416 1.65301 0.73997
3.90709 1.67961 0.744315
3.75945 1.68672 0.655327
3.8561 1.65346 0.643758
3.90489 1.67073 0.65841
3.75339 1.68668 0.554685
3.86226 1.64948 0.557641
3.76505 1.67517 0.458922
3.85734 1.64365 0.441245
3.90281 1.67172 0.435802
3.67921 1.69737 0.33691
3.75505 1.67303 0.353134
3.85809 1.63901 0.342251
3.90243 1.66597 0.344659
4.74526 3.83754 0.0801389
4.65426 3.8597 0.0770182
3.85769 1.63497 0.250768
4.56689 3.86009 0.0798448
6.2663 3.864 0.152932
5.33917 3.821 0.15466
3.85442 1.63837 0.146662
5.23542 3.84156 0.152955
5.14498 3.864 0.148538
4.84342 3.83892 0.134062
3.85425 1.64099 0.0458046
4.75528 3.8597 0.129775
4.65557 3.864 0.144046
3.855 1.63507 -0.0449446
6.24768 3.86195 0.243517
5.3496 3.84107 0.216005
5.2574 3.8468 0.216516
3.86306 1.63208 -0.148732
6.26095 3.864 0.343537
6.25699 3.864 0.439403
6.17585 3.83533 0.755021
3.84216 1.61595 -0.252223
6.24967 3.864 1.06233
6.27311 3.864 1.16898
3.14087 1.64448 -0.314249
3.24531 1.65405 -0.315131
3.35073 1.65147 -0.31609
3.45634 1.64325 -0.319241
3.5437 1.65224 -0.320312
3.64057 1.63977 -0.319528
3.73774 1.62366 -0.317331
3.93724 1.63685 -0.320364
4.05852 1.6464 -0.333636
4.1567 1.65014 -0.337192
4.2501 1.63832 -0.339966
6.27109 3.864 1.25202
6.24848 3.864 1.34714
6.25531 3.864 1.45356
6.26136 3.864 1.53861
6.11757 3.85171 1.73845
6.08028 3.84787 1.72887
5.36042 3.77269 -0.325626
3.47931 1.78857 0.747414
3.5493 1.76588 0.7566
3.63264 1.73541 0.742993
3.94183 1.75724 0.753178
3.54465 1.76644 0.653813
3.64972 1.73033 0.646433
3.94375 1.75996 0.652147
3.48504 1.7834 0.557792
3.5448 1.766 0.554822
3.64018 1.73043 0.555723
3.93537 1.74627 0.558152
3.48259 1.78276 0.444158
3.55731 1.75914 0.45326
3.63848 1.72603 0.449718
3.93613 1.74864 0.444975
3.47283 1.78572 0.346229
6.21857 3.779 -0.234545
3.63338 1.72158 0.34546
5.42529 3.7585 -0.257791
5.34241 3.75622 -0.247006
5.26536 3.77187 -0.252654
6.22177 3.77217 -0.166924
5.34351 3.76143 -0.144327
5.27938 3.77353 -0.158652
5.42724 3.76212 -0.043983
5.36653 3.75932 -0.0468914
5.24002 3.76761 -0.0624779
3.48133 1.766 0.0520803
3.54386 1.73927 0.044454
5.41873 3.76362 0.0514326
3.472 1.76315 -0.0476488
3.55385 1.73177 -0.0455027
5.34893 3.76165 0.0465205
3.46775 1.76423 -0.159999
3.54873 1.73112 -0.156715
5.41701 3.7421 0.143965
3.46465 1.75532 -0.255829
3.53612 1.72946 -0.24447
5.34816 3.76096 0.146226
5.2828 3.779 0.148575
3.14395 1.74341 -0.315509
3.26223 1.74286 -0.315249
3.35161 1.73789 -0.318635
3.44294 1.7354 -0.313871
3.96703 1.74256 -0.328007
4.05937 1.76077 -0.333371
4.14749 1.75142 -0.33765
4.24676 1.75191 -0.339758
4.92705 3.76323 0.129188
2.78117 3.738 0.439185
2.77601 3.738 0.559165
2.77884 3.738 0.66303
2.77399 3.74483 0.766263
2.75478 3.7544 0.867305
2.77356 3.75742 0.947399
3.98197 1.84579 0.745642
3.98554 1.84713 0.644668
3.98674 1.85381 0.554389
3.97873 1.84057 0.452875
2.77562 3.74386 1.04347
2.80623 3.74971 1.16001
2.77308 3.74523 1.14936
2.80519 3.74483 1.26101
2.77329 3.75167 1.25406
2.77989 3.75508 1.33977
2.8088 3.7462 1.45441
3.15167 1.8481 -0.318127
3.25284 1.85534 -0.320539
3.3513 1.85924 -0.318396
4.04358 1.85594 -0.331875
4.14704 1.8491 -0.338661
4.2503 1.85528 -0.339838
2.76735 3.738 1.48096
2.77836 3.62944 -0.310249
2.77423 3.641 -0.241216
2.76816 3.64788 -0.146496
2.81482 3.6438 -0.0267629
2.76144 3.64596 -0.0559103
2.80925 3.64317 0.043541
2.76849 3.6305 0.0520394
4.03283 1.94207 0.841754
4.03307 1.94462 0.749438
4.03151 1.93911 0.6565
4.03335 1.93779 0.54788
4.03259 1.93943 0.443517
4.03441 1.94342 0.354744
2.81032 3.65267 0.1498
2.76114 3.6435 0.157075
4.02533 1.92779 0.0334447
4.02615 1.93429 -0.0424712
4.03092 1.93569 -0.152236
2.76476 3.64909 0.249024
3.17784 1.94953 -0.31856
3.24726 1.94735 -0.319629
4.06151 1.94221 -0.326472
4.15375 1.95649 -0.338392
4.2458 1.94852 -0.339028
2.75199 3.64751 0.351927
2.81218 3.6915 0.442226
2.74722 3.67182 0.540183
2.74952 3.66746 0.650885
2.73318 3.65144 0.856933
2.73427 3.65929 0.952359
2.73951 3.65935 1.14867
2.80889 3.698 1.38059
2.75425 3.66783 1.34564
3.14656 2.03262 -0.318723
3.22431 2.03894 -0.319819
4.14139 2.04887 -0.336121
4.24867 2.03975 -0.338618
2.82535 3.67043 1.56044
2.74703 3.65631 1.62821
2.72573 3.56154 -0.23975
2.69007 3.52488 -0.261709
2.71804 3.5665 -0.154379
2.68751 3.5498 -0.141024
2.72623 3.56295 -0.0483875
2.69435 3.53263 -0.0272929
2.72597 3.58082 0.0595852
2.6878 3.53494 0.0597466
4.14754 2.15025 -0.337675
2.71814 3.56986 0.140288
2.6874 3.53473 0.153155
2.71932 3.57375 0.228262
2.68433 3.53044 0.24491
2.71392 3.5608 0.331481
2.68108 3.5318 0.358569
2.68683 3.5395 0.542164
2.67608 3.54632 0.648586
2.6784 3.53565 0.850784
2.68048 3.54284 0.952757
2.68911 3.53231 1.05475
2.7186 3.57731 1.15495
2.68535 3.54507 1.14874
2.7165 3.57313 1.24686
2.68493 3.5427 1.24902
2.67838 3.5318 1.4515
2.69241 3.54437 1.54828
2.74267 3.57067 1.61769
2.73254 3.43644 -0.327627
2.65834 3.436 -0.31699
2.65033 3.44025 -0.251042
2.65728 3.43786 -0.157818
2.6536 3.44338 -0.0409538
2.64722 3.4362 0.0481815
2.64912 3.44555 0.152209
2.64202 3.43827 0.253099
2.63169 3.43697 0.347647
2.63679 3.44525 0.443991
2.64697 3.45124 0.558036
2.6337 3.43748 0.741705
2.64388 3.44737 0.841235
2.65081 3.44548 0.946082
2.65233 3.442 1.05632
2.66825 3.45225 1.14886
2.65773 3.44133 1.35543
2.64886 3.42912 1.4554
2.6521 3.46007 1.5407
2.63446 3.33833 -0.31968
2.62049 3.341 -0.252896
2.58626 3.31167 -0.246985
2.62749 3.35784 -0.144619
2.57472 3.313 -0.151547
2.62043 3.33544 -0.0533608
2.61591 3.34774 0.0379959
2.5867 3.32416 0.0584445
2.61828 3.357 0.1466
2.61753 3.35929 0.241522
2.58205 3.331 0.251745
2.61325 3.35229 0.351515
2.57868 3.33186 0.339304
2.61179 3.3602 0.463846
2.58774 3.33414 0.546333
2.61761 3.36447 0.739716
2.6193 3.34456 0.85299
2.38991 2.67617 1.14245
2.41233 2.62567 1.14775
2.38003 2.67671 1.04609
2.37436 2.67792 0.936256
2.58141 3.31433 0.830802
2.62435 3.34973 0.959858
2.5892 3.321 0.959733
2.62741 3.34405 1.05097
2.59287 3.3218 1.05546
2.63 3.35124 1.14669
2.59228 3.325 1.15741
2.62478 3.341 1.25674
2.62116 3.341 1.35268
2.59136 3.325 1.35158
2.5779 3.31433 1.45238
2.62446 3.341 1.51232
5.05987 3.23964 -0.354145
2.57355 3.24142 -0.257382
2.56203 3.23844 -0.150518
2.5585 3.23919 -0.0555711
2.56435 3.24943 0.0419444
2.37098 2.75338 0.852116
2.42692 2.7968 0.854087
2.5605 3.24239 0.250608
2.56327 3.23841 0.444761
2.5684 3.24384 0.640457
2.57152 3.24519 0.853639
2.57402 3.23483 0.941858
2.60519 3.24967 1.03411
2.3752 2.74548 0.258275
2.40945 2.77935 0.253251
2.57635 3.23875 1.04887
2.58168 3.24467 1.15873
2.5781 3.245 1.24345
2.41444 2.7946 -0.0503592
2.37444 2.7481 -0.161309
2.37647 2.74923 -0.252546
2.40613 2.76914 -0.247838
2.56595 3.2512 1.35287
2.55388 3.2509 1.44244
4.94439 3.1375 -0.348547
2.55836 3.1499 -0.316271
2.52375 3.14221 -0.254163
2.5319 3.14802 -0.141483
2.52178 3.13753 0.0563679
2.5212 3.14797 0.147532
2.43393 2.86068 1.14978
2.52055 3.13645 0.256242
2.43163 2.86453 1.0534
2.52368 3.14476 0.351257
2.43343 2.85983 0.941728
2.53781 3.14885 0.749342
2.38254 2.83871 0.732775
2.53725 3.14888 0.946588
2.53768 3.14003 1.04704
2.53316 3.14745 1.143
2.38806 2.8266 0.578806
2.49701 3.118 1.16022
2.39538 2.84973 0.442337
2.42112 2.87158 0.440338
2.3961 2.84309 0.347241
2.42731 2.86784 0.354091
2.39448 2.84886 0.225293
2.52926 3.14329 1.24581
2.39659 2.85431 0.170347
2.42346 2.871 0.143646
2.39697 2.8358 0.0163392
2.42376 2.85532 0.0559407
2.43205 2.86651 -0.0588853
2.39283 2.82857 -0.161519
2.41973 2.85308 -0.146642
2.4246 2.86007 -0.25111
2.45593 2.85594 -0.315071
2.51905 3.15488 1.36039
2.49452 3.1178 1.37086
2.52268 3.15232 1.42154
5.4552 3.046 -0.345923
2.50747 3.046 -0.252834
2.46229 2.96938 1.32514
2.45563 2.96729 1.24945
2.49215 3.0424 -0.248863
2.50452 3.055 -0.155129
2.47462 3.03329 -0.157949
2.47908 3.04316 -0.0397628
2.47938 3.04717 0.0385766
2.51257 3.06625 0.153572
2.48184 3.04986 0.155809
2.50362 3.0676 0.229681
2.48303 3.05275 0.260592
2.45289 2.95533 0.246192
2.4675 2.96203 0.145905
2.46299 2.962 0.0571846
2.46078 2.96288 -0.0521287
2.45533 2.96984 -0.150685
2.4565 2.96087 -0.237466
2.47034 2.942 -0.315909
2.47807 3.04343 0.352018
2.48449 3.0478 0.430226
2.50761 3.061 0.649983
2.4858 3.0445 0.652282
2.51747 3.0622 0.753871
2.48753 3.0406 0.754768
2.47838 3.04273 1.35071
2.48418 3.05168 1.24891
2.48635 3.046 1.14565
2.51073 3.0685 0.850551
2.48539 3.046 1.06687
2.48621 3.046 0.849467
