2.31662 3.93215 0.0676335
2.25901 3.96547 0.0529271
2.16189 3.97694 0.0752427
1.44653 3.94337 0.0563668
1.35067 3.95607 0.0631159
1.25065 3.93815 0.0590704
1.15394 3.94245 0.0640613
1.05436 3.97428 0.0751147
0.978636 3.94358 0.0841633
2.25687 3.95549 0.146487
2.17413 3.95699 0.150711
2.05308 3.97667 0.135764
1.43968 3.94335 0.157101
1.34825 3.93411 0.150914
1.25194 3.95299 0.149785
1.18548 3.95724 0.162035
0.76002 3.94844 0.10777
2.31771 3.96091 0.260399
2.23653 3.94912 0.255619
2.15986 3.97436 0.259353
2.07781 3.97096 0.269774
1.44022 3.92643 0.267941
1.35777 3.9373 0.250478
1.24576 3.95506 0.244125
1.18676 3.98341 0.273423
-0.656683 3.95316 0.244106
-0.735076 3.9547 0.249407
-0.843723 3.95208 0.256684
-0.945183 3.9535 0.266067
-1.03785 3.93592 0.277467
2.25442 3.93691 0.310737
1.44723 3.9416 0.347267
1.34384 3.95344 0.346491
1.24415 3.95617 0.34761
-0.347957 1.16427 0.0877847
1.1806 3.96626 0.334848
-1.05554 3.95818 0.348898
2.33794 3.95842 0.482992
2.2483 3.94894 0.48835
2.17754 3.94891 0.482958
1.44995 3.94995 0.457503
1.33825 3.94065 0.44998
1.26333 3.95542 0.447625
1.18803 3.97713 0.447895
-1.05114 3.94486 0.454044
2.34969 3.94964 0.542181
2.25466 3.94007 0.557533
-0.456379 1.25942 0.105369
-0.433059 1.23165 0.0970177
-0.35819 1.25641 0.0922538
-0.255473 1.25151 0.0824185
-0.158327 1.23046 0.0720132
-0.0574789 1.25738 0.0655716
0.0497532 1.26138 0.0556538
0.165507 1.2579 0.0429135
2.14782 3.96539 0.552683
1.45003 3.95014 0.549659
1.35115 3.95464 0.553399
1.25007 3.95706 0.548212
1.02677 3.94372 0.54291
0.857575 3.94273 0.539448
0.74921 3.95345 0.548641
-0.550342 1.33393 0.114394
-0.450236 1.35069 0.107221
-0.328504 1.34236 0.0924103
-0.257845 1.3473 0.0900707
-0.135813 1.35411 0.0769743
-0.0506922 1.33316 0.0710711
0.053369 1.34676 0.0592375
0.183842 1.35062 0.0472357
0.256735 1.3431 0.0390852
0.653153 3.94567 0.555234
0.575512 3.97605 0.583664
-1.03252 3.94967 0.551398
2.34705 3.97856 0.666741
2.24332 3.94344 0.644087
2.15804 3.96859 0.649954
-0.646298 1.44022 0.129276
-0.542139 1.42689 0.120338
-0.445146 1.4589 0.11032
-0.35234 1.44272 0.104716
-0.244119 1.4365 0.0939827
-0.151603 1.46116 0.0887944
-0.0548341 1.44872 0.0764337
0.0443305 1.44892 0.0663741
0.14929 1.43989 0.056012
0.239692 1.4469 0.047195
0.356132 1.446 0.0333283
2.08259 3.98161 0.671087
1.52898 3.95287 0.633936
1.46515 3.95305 0.643058
1.34065 3.9529 0.634899
1.26197 3.95517 0.64033
0.942354 3.9625 0.609683
-0.661106 1.54294 0.138861
-0.533151 1.54038 0.125654
-0.449779 1.56012 0.119389
-0.337243 1.55617 0.108028
-0.242996 1.56639 0.0966394
-0.140684 1.5561 0.089384
-0.0370012 1.55162 0.0824012
0.0499754 1.55056 0.0711424
0.138896 1.5367 0.0613541
0.2426 1.55193 0.0519858
0.352093 1.57161 0.042946
0.845264 3.96569 0.612191
0.741574 3.94375 0.614448
0.650096 3.96653 0.619518
0.566384 3.96926 0.620895
-1.02832 3.94867 0.647264
2.31856 3.95474 0.756838
0.0578348 1.6702 0.821494
-0.128866 1.69638 0.740864
-0.0428062 1.6841 0.751118
0.0484232 1.65615 0.754711
-0.122436 1.69646 0.657929
-0.0464657 1.67928 0.641563
0.0487947 1.66677 0.650491
2.26174 3.94865 0.742549
0.0487424 1.66446 0.545331
2.16138 3.96859 0.759022
-1.02522 3.94676 0.742957
2.33158 3.95979 0.853646
2.23579 3.95058 0.849212
2.15507 3.96962 0.850806
0.0431384 1.66487 0.346077
-1.02958 3.93295 0.85595
2.33973 3.96434 0.946779
2.25806 3.96945 0.950778
-0.758852 1.65565 0.151647
-0.64529 1.64915 0.140744
-0.539534 1.65519 0.133023
-0.443316 1.66079 0.123812
-0.358166 1.64584 0.115027
-0.255506 1.66365 0.112658
-0.152345 1.66743 0.125309
-0.0562738 1.66717 0.16378
2.15557 3.99565 0.933894
-0.151958 1.62411 0.0958575
-0.0537967 1.61939 0.0863187
0.0458121 1.65191 0.0843583
0.154376 1.64814 0.0665952
0.237869 1.65549 0.0570136
0.344867 1.66096 0.0462483
0.4526 1.64979 0.0351338
0.533623 1.63281 0.0257704
-0.985413 3.96061 0.966045
-1.01234 3.94457 0.956347
2.33931 3.96606 1.05468
2.26405 3.96277 1.05044
-0.334511 1.7872 0.85155
-0.252047 1.76154 0.840962
-0.156164 1.7314 0.825551
0.134396 1.75739 0.830248
-0.326995 1.78239 0.75681
-0.234857 1.75821 0.741693
-0.156279 1.73313 0.751938
-0.981144 3.96762 1.06118
-0.343153 1.78536 0.65202
2.32974 3.93932 1.14904
-0.15579 1.72634 0.653162
2.25689 3.9666 1.1646
2.16318 3.98824 1.14379
2.34127 3.94642 1.24619
2.25224 3.95757 1.24615
2.33753 3.96105 1.3691
2.25869 3.97238 1.34464
2.15936 3.97515 1.33437
2.34777 3.96424 1.4527
2.24658 3.93716 1.45761
2.1449 3.95421 1.46095
2.06644 3.95617 1.47391
2.34424 3.94633 1.54105
2.25367 3.95606 1.54709
-0.26231 1.74996 0.354586
2.14129 3.94945 1.55057
2.06162 3.9572 1.57266
0.114956 1.78089 0.345717
-0.339832 1.78117 0.243917
2.34263 3.96366 1.63734
2.25011 3.94684 1.64545
0.05295 1.74286 0.244063
0.111344 1.78463 0.258562
2.15272 3.95147 1.64828
2.05556 3.95329 1.64975
-0.756448 1.75962 0.154442
-0.666043 1.74982 0.148948
-0.556055 1.73021 0.137647
-0.446327 1.75788 0.138969
-0.339876 1.75738 0.146965
-0.250888 1.7315 0.152679
-0.171752 1.7162 0.175637
0.0606224 1.74702 0.156542
0.061372 1.74155 0.0853452
0.130634 1.74286 0.0734056
0.250578 1.75327 0.0594468
0.352848 1.75697 0.049614
0.458332 1.74755 0.0391122
0.532299 1.75465 0.0326034
2.33026 3.97155 1.74724
2.0604 3.96281 1.74109
2.34359 3.96227 1.83773
2.26114 3.95901 1.83495
2.15056 3.94036 1.85093
0.18448 1.85303 0.910444
-0.320798 1.81151 0.858228
0.146295 1.85237 0.845029
0.143536 1.8451 0.753604
2.06233 3.95613 1.85516
-0.362888 1.8043 0.536864
1.97728 3.99246 1.86355
-0.357962 1.80489 0.455629
0.136753 1.86001 0.460825
-0.35447 1.8047 0.354141
2.32555 3.93249 1.92563
2.24937 3.92342 1.91489
0.0709508 1.83946 0.248376
0.124727 1.84371 0.23689
2.14455 3.94183 1.93258
2.05899 3.96668 1.93866
2.26207 3.85204 0.0726509
-0.773727 1.84512 0.159598
-0.639332 1.84677 0.149148
-0.562236 1.85293 0.144911
-0.452439 1.83059 0.1421
0.0673906 1.84077 0.169001
0.129933 1.85747 0.150935
0.0782446 1.82549 0.0886703
0.144486 1.86154 0.0799705
0.236966 1.85155 0.0650825
0.351669 1.8442 0.0539755
0.539053 1.85946 0.036853
1.66587 3.82092 0.0170723
1.55639 3.8336 0.0361638
1.34565 3.85613 0.049274
1.25247 3.85503 0.0551136
1.14574 3.83193 0.0590944
1.0548 3.87293 0.0683758
0.182312 1.94646 0.929205
0.245765 1.96888 0.93355
0.183641 1.95815 0.835039
0.232989 1.95634 0.85591
0.172545 1.94733 0.75113
0.236991 1.95948 0.749601
0.173387 1.92771 0.642547
0.960206 3.85506 0.07805
0.859612 3.83431 0.0879633
2.26039 3.84459 0.157977
0.152314 1.93509 0.455677
1.43458 3.85193 0.135672
0.158503 1.95128 0.357917
0.211884 1.97874 0.229804
1.34463 3.86243 0.140566
0.725567 3.86872 0.107274
0.645402 3.85283 0.111978
-0.744715 1.93613 0.159482
-0.635413 1.96623 0.154528
-0.554947 1.95776 0.148909
0.153914 1.95936 0.159402
0.156 1.94752 0.0807495
0.345607 1.94677 0.0586729
0.451252 1.94703 0.0498874
0.551708 1.94611 0.0421286
2.3084 3.88499 0.247069
2.2491 3.84911 0.230692
1.51035 3.82745 0.244066
1.43188 3.84538 0.240359
1.35465 3.87448 0.240939
-1.15531 2.05695 0.2047
0.147824 2.00994 0.237648
-0.648465 3.84813 0.241568
-0.753579 3.85238 0.250526
-0.855378 3.85298 0.255274
-0.958262 3.83435 0.259742
-0.640092 2.0491 0.160326
0.180374 2.03699 0.0818112
0.248775 2.05838 0.0754215
0.448773 2.04182 0.057468
-1.0549 3.85003 0.27686
1.52647 3.82333 0.374074
1.44306 3.8558 0.352303
1.34549 3.85803 0.350317
-1.09158 3.84966 0.341444
1.52476 3.83474 0.452743
-1.23903 2.15638 0.220919
-1.16376 2.1331 0.210279
1.44974 3.83706 0.448649
1.36715 3.87117 0.457119
0.18441 2.13205 0.0835911
0.239235 2.15299 0.0776646
0.335646 2.14481 0.0705646
0.457318 2.14981 0.0575306
-1.08254 3.86504 0.438373
1.52826 3.83596 0.53972
1.44749 3.85571 0.54758
1.35083 3.86964 0.555272
1.04124 3.83763 0.556091
0.952136 3.85612 0.545889
0.856417 3.85694 0.557286
0.750779 3.87005 0.542484
-1.07939 3.84372 0.548421
-1.32031 2.25107 0.221058
-1.25537 2.23233 0.22094
-1.13302 2.24799 0.213759
-1.04728 2.2611 0.203969
1.53148 3.85847 0.618728
0.248915 2.24032 0.0804384
0.339424 2.25127 0.0754231
0.437945 2.26446 0.0703205
1.44707 3.86701 0.635046
-1.06288 3.85836 0.648515
-1.06427 3.84072 0.755512
-1.04816 3.8591 0.84972
-1.04355 3.84758 0.949909
-1.04112 3.84184 1.05069
-1.02222 3.85432 1.15895
2.26783 3.87214 1.26128
-1.42191 2.38861 1.17124
-1.35596 2.35612 0.232006
-1.23755 2.34903 0.223243
-1.16052 2.32886 0.219784
-1.0544 2.34635 0.209615
2.26722 3.87344 1.31336
0.256863 2.33819 0.0828866
2.27478 3.88084 1.4607
2.25068 3.87967 1.55898
2.26925 3.87014 1.64036
2.18063 3.88467 1.63378
2.24223 3.87983 1.74299
2.31139 3.86875 1.85613
2.2445 3.8774 1.84123
2.16473 3.89496 1.84898
2.27282 3.88069 1.91526
1.92353 3.7251 -0.00930577
-1.37292 2.48013 1.21272
-1.43789 2.46576 1.1484
-1.37931 2.45548 1.16078
-1.42474 2.45692 1.05043
-1.3679 2.4595 1.05122
-1.44336 2.45775 0.945124
-1.38197 2.45246 0.940803
-1.43939 2.43811 0.836118
-1.38373 2.44877 0.845571
-1.42954 2.44642 0.742974
-1.39312 2.43993 0.755884
-1.42378 2.45708 0.660717
-1.42216 2.46129 0.545231
-1.42875 2.45857 0.44085
-1.39101 2.48552 0.46808
-1.43108 2.46992 0.357728
-1.43762 2.47091 0.258502
-1.36076 2.46901 0.244747
-1.2442 2.44051 0.222775
-1.15869 2.43402 0.220401
-1.0497 2.45464 0.21383
-0.97945 2.45352 0.207118
-0.859044 2.44957 0.188324
1.66393 3.74144 0.0101446
1.44457 3.75383 0.0391009
1.34048 3.76093 0.0415596
1.2481 3.74495 0.046761
1.15421 3.75685 0.0574575
1.05057 3.74442 0.0632893
0.947471 3.74581 0.0747406
0.8499 3.75837 0.0855964
0.750919 3.75539 0.0955361
-0.655266 3.77066 0.239338
-0.768199 3.75073 0.243619
-0.858964 3.76038 0.251883
-0.952282 3.74936 0.259542
-1.04494 3.75822 0.268567
-1.45459 2.56579 1.24561
-1.34841 2.56067 1.25021
-1.51956 2.5506 1.15002
-1.45597 2.55743 1.14465
-1.34307 2.5394 1.15707
-1.47041 2.5463 1.05884
-1.35736 2.53902 1.05295
-1.51328 2.57557 0.94116
-1.4508 2.53277 0.952127
-1.35732 2.55241 0.952264
-1.52743 2.58522 0.853635
-1.45323 2.54523 0.859957
-1.36349 2.55445 0.852655
-1.52059 2.57214 0.743194
-1.45858 2.56242 0.736943
-1.36274 2.56338 0.754462
-1.51439 2.57734 0.649347
-1.4366 2.54272 0.66169
-1.37415 2.55858 0.645478
-1.52016 2.57872 0.557982
-1.45281 2.5347 0.566994
-1.38105 2.55859 0.551307
-1.52376 2.56159 0.450718
-1.43166 2.54923 0.442071
-1.37181 2.57271 0.443611
-1.4223 2.54866 0.325901
-1.37603 2.569 0.337995
-1.51213 2.56591 0.264332
-1.45153 2.5495 0.258556
-1.35218 2.56122 0.252403
-1.27478 2.54171 0.233625
-1.15291 2.54343 0.229477
-1.04551 2.53089 0.216303
-0.957174 2.55688 0.207807
-1.12021 3.73483 0.277447
-1.13815 3.74113 0.343483
-1.13166 3.74272 0.4588
1.52896 3.78324 0.577457
1.05282 3.78287 0.536938
-1.08364 3.76185 0.546393
-1.12742 3.73378 0.545578
-1.11905 3.72447 0.651547
-1.08596 3.7602 0.753411
-1.10966 3.71348 0.78298
-1.08493 3.74994 0.848867
-1.10671 3.70625 0.840059
-1.06197 3.75323 0.951546
-1.05906 3.74136 1.05658
-1.06015 3.74382 1.14732
-1.05485 3.74017 1.24265
-1.27807 2.65303 1.31122
-1.44411 2.64294 1.26075
-1.35519 2.63831 1.26328
-1.27358 2.67274 1.25067
-1.44938 2.65169 1.13884
-1.32783 2.63031 1.17439
-1.28366 2.65678 1.13595
-1.45017 2.65136 1.04239
-1.34308 2.63665 1.05285
-1.27648 2.68646 1.08197
-1.51447 2.63366 0.928392
-1.45 2.64113 0.939376
-1.32117 2.66228 0.956422
-1.27018 2.67197 0.949069
-1.4567 2.65403 0.854572
-1.32975 2.63559 0.863693
-1.28053 2.66773 0.850274
-1.5131 2.64108 0.747514
-1.45071 2.65048 0.75204
-1.32763 2.63464 0.749547
-1.29574 2.66163 0.7625
-1.53051 2.63325 0.648463
-1.45876 2.65574 0.638597
-1.33878 2.64177 0.654167
-1.52085 2.64172 0.544821
-1.46289 2.66309 0.546457
-1.3438 2.64287 0.55235
-1.53307 2.64497 0.448069
-1.4661 2.64908 0.44968
-1.33926 2.65001 0.449375
-1.53553 2.6479 0.345112
-1.47266 2.62725 0.361388
-1.35371 2.66107 0.34391
-1.53424 2.65173 0.277696
-1.44846 2.65606 0.268575
-1.34129 2.65936 0.258093
-1.26345 2.65361 0.239449
-1.13507 2.65797 0.230016
-1.04069 2.63978 0.221006
-0.953155 2.65113 0.211465
-1.05506 3.75079 1.3433
-1.03388 3.7636 1.44261
1.95846 3.6586 -0.0201984
1.85035 3.64573 -0.011418
1.77857 3.63351 -0.00281008
1.55043 3.65421 0.0160595
1.35946 3.65236 0.0356313
1.24702 3.63942 0.0446252
1.1374 3.65093 0.0526066
1.05113 3.63387 0.0577986
0.95498 3.66489 0.0680403
0.842312 3.64649 0.0804277
0.755757 3.6686 0.0907892
-0.650151 3.66062 0.226365
-1.42135 2.7483 1.32396
-1.36982 2.75294 1.33288
-1.25796 2.75117 1.35105
-1.43081 2.7357 1.23621
-1.34978 2.73878 1.25694
-1.2583 2.74643 1.25052
-1.43542 2.75523 1.14563
-1.26298 2.7403 1.15286
-1.43668 2.74045 1.0565
-1.36177 2.76707 1.03535
-1.28165 2.74081 1.04321
-1.43229 2.73779 0.957931
-1.37135 2.75511 0.941284
-1.27811 2.72633 0.94938
-1.45168 2.75291 0.854839
-1.3673 2.75204 0.857155
-1.28113 2.74605 0.848231
-1.45095 2.74802 0.747133
-1.34812 2.72907 0.748971
-1.27332 2.75556 0.747448
-1.44893 2.74045 0.651416
-1.34195 2.74565 0.658534
-1.27687 2.75878 0.649584
-1.46357 2.74624 0.54446
-1.33784 2.73577 0.543836
-1.2857 2.73952 0.531799
-1.46118 2.75079 0.455817
-1.34023 2.75206 0.450856
-1.28652 2.75411 0.451083
-1.51401 2.72859 0.331086
-1.46163 2.73568 0.357651
-1.32159 2.72113 0.363394
-1.4521 2.74721 0.269493
-1.34067 2.7336 0.253363
-1.24258 2.73478 0.245575
-1.15499 2.75036 0.231018
-1.05168 2.73672 0.222432
-0.936133 2.7434 0.214307
-0.86267 2.76445 0.207349
-0.771558 2.76255 0.196189
-0.752201 3.65018 0.236043
-0.831604 3.65517 0.246796
-0.949278 3.65942 0.256896
-1.04801 3.66426 0.266731
-1.15188 3.63344 0.27537
-1.15467 3.6401 0.338056
-1.15512 3.64784 0.452581
-1.14521 3.63858 0.545503
-1.13961 3.64529 0.655278
-1.13576 3.65523 0.76652
-1.09162 3.65816 0.838939
-1.1207 3.64577 0.843173
1.55077 2.75638 -0.0149847
-1.34982 2.84326 1.34697
-1.18441 2.86893 1.36522
-1.35453 2.85492 1.25371
-1.24041 2.84344 1.26021
-1.42072 2.82572 1.15345
-1.35858 2.85547 1.14118
-1.1908 2.87108 1.14409
-1.42637 2.83669 1.04552
-1.36391 2.85229 1.06215
-1.26753 2.87633 1.04312
-1.42121 2.841 0.940243
-1.3563 2.85458 0.946478
-1.42042 2.83962 0.868925
-1.35281 2.85495 0.84684
-1.4294 2.84963 0.748051
-1.36242 2.85959 0.749781
-1.22719 2.85607 0.744957
-1.43559 2.8478 0.660104
-1.35329 2.85296 0.65815
-1.24064 2.83018 0.67525
-1.44715 2.84795 0.556338
-1.38018 2.83813 0.543337
-1.23599 2.8556 0.562864
-1.45387 2.8515 0.457097
-1.3776 2.82497 0.46841
-1.25739 2.84791 0.446634
-1.4569 2.85128 0.347673
-1.36762 2.85504 0.338513
-1.27122 2.8362 0.376005
-1.43854 2.84806 0.27529
-1.35171 2.85255 0.262165
-1.2505 2.84912 0.26193
-1.14787 2.85215 0.237446
-1.03947 2.84032 0.226943
-0.940851 2.85873 0.214336
-0.839254 2.85868 0.209891
-1.1175 3.62658 0.944262
-1.11427 3.64502 1.06292
-1.07397 3.65654 1.15055
-1.12091 3.6259 1.13807
-1.06597 3.65138 1.23722
-1.06808 3.64946 1.35742
-1.06664 3.63993 1.4476
-1.04349 3.60939 1.62489
1.94142 3.55948 -0.0219564
1.85161 3.53072 -0.0184604
1.74497 3.55366 -0.00652801
1.53087 3.55849 0.0123786
1.54774 2.84648 -0.0163492
1.64599 2.85848 -0.0236068
-1.15798 2.9407 1.42939
-1.32674 2.95464 1.36363
-1.15745 2.93639 1.35598
-1.34754 2.94511 1.23481
-1.16814 2.95068 1.24651
-1.34983 2.93949 1.14823
-1.26202 2.94759 1.14585
-1.17111 2.95436 1.14446
-1.3539 2.95917 1.0455
-1.23369 2.94897 1.03838
-1.17398 2.98233 1.04135
-1.36824 2.94959 0.936855
-1.23433 2.95486 0.948601
-1.18745 2.97368 0.947761
-1.37643 2.957 0.850844
-1.22522 2.94916 0.836358
-1.38068 2.96521 0.753273
-1.21882 2.93457 0.776074
-1.41582 2.9224 0.636803
-1.38518 2.94851 0.648188
-1.21645 2.9445 0.647963
-1.18148 2.9718 0.635804
-1.40848 2.93864 0.549895
-1.36965 2.93589 0.529711
-1.22509 2.96152 0.534763
-1.418 2.94304 0.454074
-1.37151 2.94639 0.442546
-1.23778 2.96457 0.450441
-1.43277 2.93863 0.337679
-1.34849 2.95145 0.335832
-1.23699 2.96683 0.344599
-1.42184 2.92837 0.272609
-1.34726 2.94731 0.265594
-1.25253 2.95986 0.269547
-1.16952 2.93063 0.242451
-1.06014 2.93678 0.228155
-0.946126 2.96007 0.224181
-0.836221 2.94974 0.213129
-0.755633 2.96196 0.205151
1.35689 3.55984 0.0369956
1.13888 3.55024 0.0509767
1.04777 3.57114 0.0567602
0.957199 3.5622 0.0648306
-0.654673 3.57005 0.22622
-0.860235 3.55435 0.244302
-0.948823 3.54453 0.257828
-1.06018 3.55137 0.264026
1.26637 2.92983 0.0128208
1.33714 2.94519 0.00717591
1.37188 2.93125 -0.00262431
1.45535 2.95697 -0.0049157
1.55422 2.94561 -0.0106888
1.73792 2.94645 -0.0272067
-1.27677 3.06356 1.46079
-1.12353 3.03399 1.44488
-1.30916 3.04629 1.34869
-1.28506 3.05509 1.34681
-1.14123 3.04717 1.34009
-1.08671 3.0607 1.36365
-1.31063 3.03961 1.24065
-1.27818 3.0662 1.2325
-1.1288 3.05533 1.25141
-1.32482 3.03364 1.15349
-1.28362 3.06935 1.15355
-1.13917 3.05742 1.15356
-1.32203 3.03004 1.05734
-1.27776 3.06665 1.06131
-1.13052 3.05891 1.05781
-1.33552 3.04309 0.958974
-1.14837 3.05696 0.955086
-1.33144 3.04908 0.854905
-1.1613 3.06009 0.846269
-1.33093 3.06696 0.754035
-1.28012 3.08812 0.729357
-1.15936 3.03523 0.749183
-1.35974 3.03898 0.646841
-1.16346 3.049 0.652423
-1.36556 3.05342 0.556344
-1.20642 3.02326 0.545557
-1.17165 3.0405 0.564781
-1.37197 3.06014 0.448626
-1.21753 3.02834 0.439009
-1.18515 3.05363 0.44844
-1.16492 3.54299 0.271918
1.65897 3.04377 0.438228
1.72366 3.05039 0.434049
-1.36029 3.04727 0.340371
-1.2207 3.03267 0.332949
-1.17476 3.06099 0.346261
1.64962 3.04194 0.382829
1.75126 3.05513 0.357491
-1.16869 3.54837 0.335496
-1.35625 3.05878 0.273089
-1.25385 3.0561 0.26548
-1.1545 3.05662 0.260693
-1.05703 3.03039 0.232109
-0.959627 3.04653 0.226463
-0.836231 3.05959 0.217502
-0.744284 3.0565 0.20901
-0.665269 3.073 0.203228
-1.21472 3.53545 0.3469
-1.16169 3.54585 0.459562
-1.20928 3.52407 0.452327
1.62396 3.51647 0.561914
-1.16612 3.5624 0.55147
-1.16319 3.55158 0.654855
-1.15491 3.53923 0.747135
-1.1556 3.55479 0.850449
1.13466 3.05073 0.0289858
1.35252 3.05781 0.00905999
1.4274 3.05522 0.00412836
-1.1525 3.55491 0.953084
1.77504 3.07895 0.0154365
1.46425 3.03619 -0.00500308
1.56606 3.05112 -0.00946588
1.63745 3.04822 -0.018249
1.75119 3.05778 -0.0215927
1.83026 3.09068 -0.0264478
-1.22964 3.15488 1.53469
-1.07068 3.14201 1.52495
-1.25436 3.14871 1.44302
-1.06283 3.15128 1.4505
-1.26519 3.14992 1.34452
-1.06837 3.15935 1.36475
-1.26786 3.14785 1.25143
-1.1075 3.15218 1.26305
-1.06844 3.16521 1.25029
-1.26452 3.16369 1.15365
-1.11167 3.13798 1.13841
-1.06787 3.1599 1.1422
-1.26603 3.1616 1.05441
-1.11183 3.12485 1.04357
-1.0812 3.16472 1.0419
-1.31614 3.11875 0.943217
-1.27461 3.17346 0.940639
-1.12774 3.14298 0.949405
-1.08502 3.15512 0.962509
-1.3188 3.14451 0.845287
-1.28152 3.16365 0.858318
-1.12863 3.14363 0.839637
-1.07864 3.16327 0.84755
-1.32639 3.14872 0.753988
-1.28288 3.16089 0.785606
-1.11915 3.14844 0.747761
-1.09138 3.16137 0.753426
-1.33426 3.14649 0.642053
-1.29014 3.17037 0.663449
-1.12367 3.14855 0.663173
-1.33362 3.1531 0.549117
-1.12579 3.14824 0.561301
-1.09009 3.16336 0.54046
-1.33949 3.14667 0.451366
-1.12011 3.14842 0.462716
1.54019 3.15133 0.439176
-1.33506 3.14525 0.347906
-1.25897 3.1526 0.314074
-1.13818 3.14652 0.339567
1.57851 3.14595 0.371046
-1.32848 3.14821 0.274808
-1.25619 3.14584 0.266922
-1.15585 3.1525 0.258171
-1.05556 3.15172 0.251479
-0.946016 3.1592 0.234541
-0.861787 3.16567 0.219168
-0.747863 3.15008 0.214367
-0.650715 3.15865 0.205304
-1.1391 3.55014 1.04012
-1.12801 3.54948 1.14017
1.53793 3.18327 0.114097
1.74154 3.18814 0.12159
-1.08483 3.58043 1.24884
-1.12764 3.54778 1.25522
-1.1233 3.53653 1.34542
-1.08137 3.56306 1.45709
-1.11829 3.53864 1.43254
-1.05724 3.56569 1.53999
1.14545 3.15021 0.0317228
1.25054 3.12681 0.0210827
1.34447 3.15129 0.0135151
1.46994 3.14753 0.0405
1.77369 3.13963 0.0614113
-1.05294 3.55376 1.63604
1.5533 3.14069 -0.00711564
1.665 3.13054 -0.0156321
1.74745 3.15756 -0.0201425
1.84401 3.14396 -0.0249446
-1.17121 3.2426 1.6139
-1.16716 3.246 1.5421
-1.02877 3.24098 1.55049
-1.22153 3.22348 1.45072
-1.17777 3.26046 1.46097
-1.22438 3.23501 1.35169
-1.03978 3.23266 1.33463
-1.23871 3.23987 1.24916
-1.23811 3.24614 1.14807
-1.06002 3.2174 1.13856
-1.05169 3.55788 1.72969
-1.0666 3.21224 1.03837
-1.25572 3.25161 0.965146
-1.06739 3.22318 0.956077
-1.26887 3.24902 0.848366
-1.05896 3.24999 0.854796
-1.27451 3.24257 0.743203
-1.06555 3.25325 0.743172
-1.32317 3.21137 0.644911
-1.2752 3.24717 0.645672
-1.0682 3.24507 0.639637
1.46901 3.29357 0.646616
-1.3095 3.22928 0.542379
-1.28122 3.25406 0.572526
-1.05789 3.23921 0.528174
-1.31924 3.23238 0.450033
-1.26831 3.2593 0.45526
-1.11525 3.2235 0.461469
-1.05665 3.24106 0.451895
-1.32866 3.24653 0.355921
-1.119 3.22261 0.352571
-1.06494 3.24625 0.345099
1.52783 3.2369 0.362925
-1.25541 3.24518 0.268443
-1.1437 3.26399 0.267515
-1.06099 3.24572 0.260194
-0.846326 3.24971 0.224853
-0.748693 3.24109 0.214181
-0.651683 3.24142 0.208284
1.85306 3.45417 -0.0201517
1.72332 3.2431 0.225838
1.75191 3.45508 -0.0124518
1.65626 3.43799 -0.00441321
1.53225 3.44206 0.023723
1.44145 3.45448 0.0506169
1.36456 3.44471 0.0329022
1.56023 3.24189 0.112439
1.65124 3.2539 0.130053
1.73377 3.2442 0.145436
1.26815 3.45412 0.0331951
1.05634 3.4387 0.0550122
0.945874 3.44757 0.0615947
1.54817 3.415 0.143575
1.45423 3.46336 0.118449
1.05428 3.25937 0.0475981
1.14294 3.24443 0.0388801
1.34131 3.26748 0.0170314
1.43907 3.22205 0.0284705
1.66373 3.27287 0.0889934
1.72665 3.24729 0.0810998
1.55136 3.23852 -0.00381193
1.63914 3.24401 -0.0109235
1.74379 3.23502 -0.017023
1.84021 3.24088 -0.0198974
-1.13443 3.35009 1.63576
-1.13926 3.34146 1.55965
-1.15656 3.35316 1.45501
-1.18047 3.35261 1.36262
-1.21119 3.33704 1.24121
-1.18253 3.35516 1.24086
-1.2061 3.35995 1.14037
-1.18658 3.35787 1.16366
-1.2292 3.33253 1.06096
-1.17397 3.37838 1.05121
-1.23036 3.34226 0.946844
-1.17161 3.37202 0.946456
-1.24397 3.34418 0.844536
-1.24401 3.35689 0.756258
1.43769 3.33666 0.751904
-1.24823 3.36177 0.648512
1.43393 3.32806 0.649477
-1.25563 3.34842 0.550591
1.4428 3.32456 0.569298
-1.26494 3.35737 0.446982
-1.2632 3.36172 0.343605
-1.14898 3.34333 0.308256
-1.24523 3.35281 0.274953
-1.14978 3.34369 0.265199
-1.04904 3.34517 0.260721
-0.946643 3.35389 0.244342
-0.8526 3.34101 0.229729
-0.750705 3.35584 0.221764
-0.640451 3.34055 0.214314
-0.63547 3.46895 0.219446
-0.759781 3.44463 0.228295
1.65361 3.34532 0.249992
-0.849612 3.46597 0.236204
-0.95891 3.45531 0.251959
-1.02993 3.44846 0.259492
-1.15063 3.4432 0.264079
-1.22471 3.45237 0.274076
1.5221 3.44355 0.332921
1.48511 3.47733 0.365385
-1.17038 3.46652 0.334969
-1.23875 3.45569 0.340943
1.5686 3.36504 0.126013
1.65649 3.34525 0.160108
1.51921 3.46612 0.44622
1.47423 3.45742 0.454157
-1.15784 3.48951 0.47214
-1.23465 3.44397 0.461185
1.52534 3.44697 0.522761
1.06757 3.35152 0.0481358
1.14812 3.34825 0.0411237
1.23956 3.35713 0.031275
1.35818 3.36346 0.0201879
1.44665 3.3509 0.0269606
1.5413 3.35425 0.0567015
1.6309 3.34659 -0.00949125
1.75659 3.34384 -0.0152357
1.83442 3.34224 -0.0183309
-1.11598 3.45122 1.66463
-1.07994 3.46432 1.65246
-1.125 3.44234 1.55425
-1.1374 3.46224 1.45165
-1.15242 3.44934 1.3527
-1.15431 3.46084 1.25076
-1.15898 3.45925 1.15031
-1.16689 3.45889 1.06013
-1.18071 3.46048 0.969122
-1.20341 3.4338 0.856217
-1.17936 3.46349 0.856655
-1.21531 3.44087 0.752993
-1.18277 3.45925 0.752708
-1.23323 3.43254 0.639012
-1.18989 3.45559 0.643023
-1.22476 3.45192 0.560962
-1.17875 3.47382 0.53214
