3.56254 0.768804 -0.325424
3.65006 0.752694 -0.325848
3.75253 0.748067 -0.324908
3.85471 0.747784 -0.326607
3.94883 0.748661 -0.327369
4.04833 0.757315 -0.327424
4.14978 0.764801 -0.328906
4.26343 0.756898 -0.330762
4.35522 0.758093 -0.332946
4.43592 0.771094 -0.337334
3.53721 0.851699 -0.32308
3.64626 0.848223 -0.322825
3.75935 0.862351 -0.325489
3.84821 0.856126 -0.327606
3.95073 0.85556 -0.328769
4.05648 0.845299 -0.328949
4.15023 0.853803 -0.330193
4.24782 0.855564 -0.331558
4.35779 0.843543 -0.333113
4.45306 0.847055 -0.336598
3.44394 0.955329 -0.323235
3.55262 0.943222 -0.322335
3.65631 0.951548 -0.325331
3.74878 0.957432 -0.327541
3.84399 0.943075 -0.328505
3.95344 0.94988 -0.329205
4.05724 0.951851 -0.329755
4.15502 0.956862 -0.331896
4.24708 0.942529 -0.333583
4.35287 0.961199 -0.3373
4.45818 0.9494 -0.338715
4.54251 0.956504 -0.339876
3.38042 1.04955 -0.320932
3.44461 1.0513 -0.320977
3.55272 1.04395 -0.32402
3.6541 1.04215 -0.327262
3.74975 1.05011 -0.327751
3.85295 1.05205 -0.328654
3.93835 1.06151 -0.330244
4.05876 1.05566 -0.331029
4.15343 1.04677 -0.333547
4.24283 1.05072 -0.336402
4.35622 1.05055 -0.338708
4.45921 1.0534 -0.339482
4.54637 1.0625 -0.340192
4.61547 1.06715 -0.340158
3.29108 1.1832 -0.319457
3.34499 1.1571 -0.321035
3.45937 1.14964 -0.32131
3.55215 1.15068 -0.325356
3.64724 1.15463 -0.328605
3.75322 1.1547 -0.329319
3.85091 1.14236 -0.330424
3.94715 1.15089 -0.331838
4.05103 1.15264 -0.332264
4.15598 1.15374 -0.334746
4.25669 1.14923 -0.338334
4.35145 1.14166 -0.339263
4.44896 1.15025 -0.339711
4.54741 1.14707 -0.340131
4.64785 1.14436 -0.340262
3.27073 1.25581 -0.320187
3.35141 1.24306 -0.320015
3.44636 1.2471 -0.320629
3.55003 1.2554 -0.325592
3.63816 1.25592 -0.327759
3.7552 1.2487 -0.329835
3.84223 1.25189 -0.329974
3.95286 1.25498 -0.332415
4.04817 1.2511 -0.333303
4.16817 1.25775 -0.335002
4.25789 1.24729 -0.338753
4.35448 1.25273 -0.337541
4.44954 1.24242 -0.339186
4.5503 1.25587 -0.339958
4.65069 1.25242 -0.340199
4.72753 1.2659 -0.340149
3.25062 1.34214 -0.317893
3.3642 1.3426 -0.319616
3.45049 1.35257 -0.320284
3.54775 1.35584 -0.323583
3.64981 1.35649 -0.329027
3.73929 1.36183 -0.329095
3.84995 1.35512 -0.330192
3.94838 1.34328 -0.332448
4.04052 1.35263 -0.332032
4.15074 1.342 -0.333655
4.24842 1.35724 -0.336662
4.35349 1.36148 -0.339128
4.45098 1.35342 -0.339603
4.54782 1.35112 -0.340312
4.65045 1.34259 -0.340909
4.7467 1.3436 -0.340841
4.81676 1.39172 -0.340192
3.15777 1.43958 -0.315334
3.24518 1.45054 -0.315221
3.3422 1.43864 -0.318645
3.43613 1.45035 -0.321198
3.55096 1.44611 -0.321704
3.65194 1.44751 -0.326467
3.75264 1.45453 -0.327649
3.84429 1.4502 -0.328296
3.95914 1.45266 -0.332376
4.0444 1.44851 -0.332457
4.16196 1.45587 -0.335844
4.26215 1.44596 -0.33787
4.34427 1.43922 -0.338105
4.44074 1.44767 -0.338484
4.54098 1.45045 -0.33916
4.64754 1.44236 -0.34033
4.7573 1.45315 -0.341719
4.83701 1.45659 -0.339549
3.86939 1.59398 -0.280677
3.07169 1.54457 -0.312564
3.1619 1.55832 -0.310667
3.23935 1.54076 -0.313567
3.34967 1.54337 -0.318299
3.44098 1.54532 -0.320465
3.55558 1.5498 -0.322401
3.64861 1.55145 -0.323638
3.75037 1.54949 -0.326208
3.85439 1.55246 -0.323682
3.95499 1.5523 -0.331187
4.039 1.55511 -0.332794
4.14667 1.5508 -0.333299
4.2428 1.5605 -0.337177
4.35465 1.56209 -0.338474
4.44879 1.54192 -0.3402
4.54423 1.55653 -0.339676
4.65719 1.54593 -0.339534
4.74259 1.54416 -0.340581
4.84415 1.5483 -0.3404
4.91569 1.55649 -0.339403
3.7673 1.68469 0.727755
3.85416 1.65301 0.73997
3.90709 1.67961 0.744315
3.75945 1.68672 0.655327
3.8561 1.65346 0.643758
3.90489 1.67073 0.65841
3.75339 1.68668 0.554685
3.86226 1.64948 0.557641
3.90366 1.66997 0.536066
3.76505 1.67517 0.458922
3.85734 1.64365 0.441245
3.90281 1.67172 0.435802
3.67921 1.69737 0.33691
3.75505 1.67303 0.353134
3.85809 1.63901 0.342251
3.90243 1.66597 0.344659
3.67083 1.69635 0.25447
3.74429 1.6697 0.249215
3.85769 1.63497 0.250768
3.90537 1.67323 0.264783
3.6631 1.69499 0.145821
3.74646 1.66326 0.138148
3.85442 1.63837 0.146662
3.90636 1.68225 0.165661
3.66449 1.69296 0.0490196
3.75203 1.65942 0.0452294
3.85425 1.64099 0.0458046
3.6617 1.68823 -0.0416575
3.75528 1.65426 -0.0491321
3.855 1.63507 -0.0449446
3.90682 1.68358 -0.0598431
3.65548 1.6891 -0.138324
3.75267 1.6516 -0.151581
3.86306 1.63208 -0.148732
3.90418 1.6767 -0.131801
3.66137 1.67958 -0.249931
3.75794 1.6416 -0.249317
3.84216 1.61595 -0.252223
3.91104 1.67448 -0.257465
3.07098 1.66144 -0.311311
3.14087 1.64448 -0.314249
3.24531 1.65405 -0.315131
3.35073 1.65147 -0.31609
3.45634 1.64325 -0.319241
3.5437 1.65224 -0.320312
3.64057 1.63977 -0.319528
3.73774 1.62366 -0.317331
3.93724 1.63685 -0.320364
4.05852 1.6464 -0.333636
4.1567 1.65014 -0.337192
4.2501 1.63832 -0.339966
4.34474 1.65103 -0.338939
4.43982 1.64093 -0.338268
4.54834 1.66105 -0.340252
4.65576 1.6428 -0.340689
4.74678 1.65975 -0.340984
4.84729 1.65267 -0.341779
4.9423 1.64771 -0.343015
3.54508 1.7626 0.803347
3.9536 1.7827 0.807799
3.47931 1.78857 0.747414
3.5493 1.76588 0.7566
3.63264 1.73541 0.742993
3.71795 1.70853 0.759092
3.94183 1.75724 0.753178
3.48287 1.78431 0.658679
3.54465 1.76644 0.653813
3.64972 1.73033 0.646433
3.7136 1.70847 0.661117
3.94375 1.75996 0.652147
3.48504 1.7834 0.557792
3.5448 1.766 0.554822
3.64018 1.73043 0.555723
3.7105 1.70623 0.571322
3.93537 1.74627 0.558152
3.48259 1.78276 0.444158
3.55731 1.75914 0.45326
3.63848 1.72603 0.449718
3.93613 1.74864 0.444975
3.47283 1.78572 0.346229
3.55076 1.75266 0.346713
3.63338 1.72158 0.34546
3.93819 1.75018 0.34992
3.46805 1.7842 0.242751
3.54116 1.75186 0.263808
3.62379 1.71878 0.249741
3.94057 1.75588 0.239716
3.47769 1.76805 0.147145
3.56024 1.73439 0.143444
3.61664 1.71484 0.146775
3.92988 1.73888 0.159813
3.48133 1.766 0.0520803
3.54386 1.73927 0.044454
3.93367 1.74644 0.0536449
3.472 1.76315 -0.0476488
3.55385 1.73177 -0.0455027
3.61561 1.70694 -0.056009
3.93304 1.74573 -0.047799
3.46775 1.76423 -0.159999
3.54873 1.73112 -0.156715
3.61301 1.706 -0.134819
3.93904 1.75701 -0.151343
3.46465 1.75532 -0.255829
3.53612 1.72946 -0.24447
3.94528 1.75287 -0.256175
3.07649 1.75853 -0.313502
3.14395 1.74341 -0.315509
3.26223 1.74286 -0.315249
3.35161 1.73789 -0.318635
3.44294 1.7354 -0.313871
3.96703 1.74256 -0.328007
4.05937 1.76077 -0.333371
4.14749 1.75142 -0.33765
4.24676 1.75191 -0.339758
4.33591 1.74069 -0.340635
4.45287 1.75971 -0.340207
4.5513 1.74432 -0.34012
4.64975 1.75162 -0.339844
4.75017 1.74659 -0.339877
4.85264 1.74237 -0.343524
4.95407 1.74383 -0.345129
5.0283 1.77038 -0.345608
3.97956 1.83589 0.830079
3.98197 1.84579 0.745642
3.98554 1.84713 0.644668
4.00515 1.88848 0.629073
3.98674 1.85381 0.554389
3.97873 1.84057 0.452875
3.98121 1.84274 0.347392
4.00308 1.89004 0.357832
3.97918 1.83817 0.256163
3.97982 1.84694 0.151991
3.9754 1.83719 0.0530381
3.98476 1.85545 -0.0474166
4.00213 1.894 -0.0505367
3.97975 1.8453 -0.149002
4.00225 1.8909 -0.146988
3.98069 1.83235 -0.247003
4.00738 1.88379 -0.259322
3.04232 1.86555 -0.314295
3.15167 1.8481 -0.318127
3.25284 1.85534 -0.320539
3.3513 1.85924 -0.318396
3.987 1.82632 -0.31471
4.04358 1.85594 -0.331875
4.14704 1.8491 -0.338661
4.2503 1.85528 -0.339838
4.3554 1.85364 -0.338477
4.45599 1.83481 -0.339513
4.57208 1.85675 -0.340059
4.65248 1.85527 -0.342734
4.73675 1.84115 -0.340351
4.85619 1.84689 -0.343655
4.94612 1.84554 -0.34554
5.03299 1.85359 -0.345705
4.03283 1.94207 0.841754
4.03307 1.94462 0.749438
4.03151 1.93911 0.6565
4.03335 1.93779 0.54788
4.03259 1.93943 0.443517
4.03441 1.94342 0.354744
4.02246 1.92447 0.242204
4.02743 1.93202 0.154261
4.02533 1.92779 0.0334447
4.02615 1.93429 -0.0424712
4.03092 1.93569 -0.152236
4.03564 1.9353 -0.245178
3.17784 1.94953 -0.31856
3.24726 1.94735 -0.319629
4.06151 1.94221 -0.326472
4.15375 1.95649 -0.338392
4.2458 1.94852 -0.339028
4.3532 1.94585 -0.340869
4.4425 1.94932 -0.340925
4.56044 1.95162 -0.342553
4.65066 1.95182 -0.343182
4.75236 1.95752 -0.344038
4.8622 1.96577 -0.347834
4.942 1.95995 -0.343636
5.04786 1.95177 -0.347072
5.12421 1.96643 -0.350746
3.14656 2.03262 -0.318723
3.22431 2.03894 -0.319819
4.14139 2.04887 -0.336121
4.24867 2.03975 -0.338618
4.34865 2.0395 -0.339925
4.44004 2.0627 -0.343583
4.54402 2.04001 -0.340994
4.65636 2.0466 -0.342895
4.75698 2.04397 -0.344298
4.8406 2.05197 -0.348235
4.94933 2.0425 -0.348084
5.05333 2.05051 -0.350118
5.14631 2.0342 -0.351047
5.21053 2.0488 -0.347681
3.1707 2.13185 -0.319773
3.20549 2.1348 -0.320809
4.07949 2.1564 -0.338286
4.14754 2.15025 -0.337675
4.25123 2.15253 -0.340702
4.34157 2.16363 -0.345143
4.44242 2.16883 -0.346554
4.53884 2.14784 -0.344098
4.64896 2.13943 -0.346066
4.7472 2.15733 -0.346707
4.8456 2.14847 -0.349031
4.94802 2.14827 -0.35202
5.04893 2.14286 -0.35139
5.14111 2.14484 -0.354244
5.2371 2.15092 -0.35091
3.14347 2.23304 -0.32186
4.149 2.23821 -0.33886
4.24891 2.22823 -0.340099
4.34073 2.24434 -0.340009
4.45091 2.24428 -0.341563
4.55874 2.2254 -0.341273
4.65759 2.22478 -0.343118
4.76399 2.23676 -0.345865
4.86111 2.24217 -0.346952
4.93892 2.22753 -0.35057
5.05434 2.24848 -0.353094
5.15148 2.25208 -0.356058
5.24597 2.24696 -0.35532
5.31432 2.26867 -0.350735
4.08697 2.34856 -0.334449
4.147 2.34864 -0.33945
4.26637 2.35944 -0.342032
4.30875 2.3758 -0.340381
4.57442 2.384 -0.349934
4.65532 2.35864 -0.345316
4.76209 2.35071 -0.349287
4.83375 2.36365 -0.347895
4.95644 2.34338 -0.351277
5.06088 2.36867 -0.351261
5.15742 2.35573 -0.352458
5.26528 2.3606 -0.352246
5.35743 2.3625 -0.353505
4.15281 2.4357 -0.338796
4.26775 2.467 -0.343446
4.30618 2.44667 -0.337015
4.6381 2.466 -0.343203
4.75563 2.4449 -0.347237
4.84754 2.44341 -0.349295
4.9496 2.44357 -0.350461
5.04753 2.428 -0.35111
5.15185 2.43265 -0.352962
5.27377 2.45917 -0.356909
5.34408 2.45276 -0.354287
5.41073 2.4514 -0.352802
2.43856 2.5852 1.16422
4.17532 2.53932 -0.339606
4.26402 2.5362 -0.34441
4.33595 2.55588 -0.345625
4.64993 2.53567 -0.348616
4.83859 2.56329 -0.351228
4.95934 2.54771 -0.351154
5.06485 2.54935 -0.3514
5.15157 2.54894 -0.347393
5.25523 2.5438 -0.35369
5.36144 2.55718 -0.35334
5.44954 2.54524 -0.353889
2.38991 2.67617 1.14245
2.41233 2.62567 1.14775
2.38003 2.67671 1.04609
2.37436 2.67792 0.936256
2.37404 2.68533 0.855596
2.38235 2.67267 -0.313634
4.24702 2.64718 -0.34158
4.33736 2.66043 -0.344933
4.66529 2.6534 -0.348892
4.75044 2.6738 -0.353333
4.86543 2.63467 -0.351178
4.96568 2.64824 -0.348838
5.0404 2.63831 -0.346209
5.1554 2.621 -0.345875
5.272 2.63486 -0.346163
5.37831 2.62567 -0.344667
5.45311 2.63091 -0.350359
5.53185 2.64446 -0.355472
2.39505 2.76233 1.23094
2.41788 2.76588 1.22818
2.38891 2.75973 1.13962
2.4129 2.77195 1.14751
2.38108 2.74859 1.04199
2.4163 2.799 1.02792
2.38158 2.75863 0.949358
2.37098 2.75338 0.852116
2.42692 2.7968 0.854087
2.37212 2.75727 0.745647
2.42979 2.799 0.740851
2.36671 2.74907 0.656515
2.36599 2.74431 0.558761
2.40857 2.7858 0.528964
2.36518 2.75431 0.44435
2.36823 2.74823 0.358854
2.3752 2.74548 0.258275
2.40945 2.77935 0.253251
2.37036 2.73997 0.149773
2.37913 2.74319 0.0549288
2.40907 2.799 0.0513728
2.37764 2.74974 -0.0476891
2.41444 2.7946 -0.0503592
2.37444 2.7481 -0.161309
2.37647 2.74923 -0.252546
2.40613 2.76914 -0.247838
2.38972 2.75133 -0.304507
2.44929 2.75213 -0.317067
2.52522 2.711 -0.317574
2.62893 2.799 -0.318553
4.66805 2.73962 -0.352076
4.7641 2.7606 -0.355302
4.86312 2.75137 -0.351657
4.92216 2.75083 -0.345669
5.35977 2.76129 -0.357142
5.56407 2.75 -0.353878
5.62066 2.7724 -0.352707
2.43585 2.85185 1.24216
2.43393 2.86068 1.14978
2.39011 2.83186 1.0383
2.43163 2.86453 1.0534
2.38326 2.83925 0.97559
2.43343 2.85983 0.941728
2.43711 2.86569 0.847896
2.38254 2.83871 0.732775
2.43248 2.85162 0.754149
2.39057 2.84536 0.653197
2.42207 2.86529 0.65802
2.38806 2.8266 0.578806
2.42315 2.85919 0.556199
2.39538 2.84973 0.442337
2.42112 2.87158 0.440338
2.3961 2.84309 0.347241
2.42731 2.86784 0.354091
2.39448 2.84886 0.225293
2.42214 2.87104 0.251161
2.39659 2.85431 0.170347
2.42346 2.871 0.143646
2.39697 2.8358 0.0163392
2.42376 2.85532 0.0559407
2.43205 2.86651 -0.0588853
2.39283 2.82857 -0.161519
2.41973 2.85308 -0.146642
2.4246 2.86007 -0.25111
2.45593 2.85594 -0.315071
4.6865 2.85871 -0.351213
4.70195 2.8546 -0.356145
4.86687 2.83787 -0.349994
4.94478 2.85792 -0.347534
5.04271 2.8644 -0.357121
5.22234 2.85589 -0.353326
5.35736 2.8738 -0.356337
5.53898 2.853 -0.364287
2.46229 2.96938 1.32514
2.45563 2.96729 1.24945
2.4624 2.94606 1.15679
2.46404 2.9564 1.0482
2.46697 2.95268 0.946558
2.46391 2.94566 0.854017
2.50435 2.98 0.857944
2.46712 2.95657 0.74674
2.45788 2.95943 0.648223
2.45995 2.95774 0.547321
2.45401 2.95093 0.440487
2.45833 2.96071 0.348399
2.45289 2.95533 0.246192
2.4675 2.96203 0.145905
2.46299 2.962 0.0571846
2.46078 2.96288 -0.0521287
2.45533 2.96984 -0.150685
2.4565 2.96087 -0.237466
2.47034 2.942 -0.315909
2.54093 2.9488 -0.314222
4.7428 2.96178 -0.353162
4.86595 2.96554 -0.35605
5.05231 2.93094 -0.35897
5.3684 2.95142 -0.356351
5.422 2.9674 -0.350902
5.74298 2.94914 -0.342991
2.47838 3.04273 1.35071
2.48418 3.05168 1.24891
2.48635 3.046 1.14565
2.50849 3.055 1.156
2.48539 3.046 1.06687
2.51096 3.05553 1.05183
2.48811 3.046 0.956017
2.51231 3.04174 0.949964
2.48621 3.046 0.849467
2.51073 3.0685 0.850551
2.48753 3.0406 0.754768
2.51747 3.0622 0.753871
2.4858 3.0445 0.652282
2.50761 3.061 0.649983
2.48719 3.04282 0.551807
2.51113 3.06318 0.557742
2.48449 3.0478 0.430226
2.47807 3.04343 0.352018
2.50504 3.046 0.3541
2.48303 3.05275 0.260592
2.50362 3.0676 0.229681
2.48184 3.04986 0.155809
2.51257 3.06625 0.153572
2.47938 3.04717 0.0385766
2.51074 3.073 0.0476629
2.47908 3.04316 -0.0397628
2.51813 3.073 -0.0385344
2.47462 3.03329 -0.157949
2.50452 3.055 -0.155129
2.49215 3.0424 -0.248863
2.50747 3.046 -0.252834
2.53333 3.031 -0.312652
2.7609 3.064 -0.322886
2.88848 3.0568 -0.32897
4.74084 3.0325 -0.352335
4.84095 3.0244 -0.351966
5.02911 3.0352 -0.355552
5.4552 3.046 -0.345923
2.52268 3.15232 1.42154
2.49452 3.1178 1.37086
2.51905 3.15488 1.36039
2.48435 3.101 1.2593
2.52926 3.14329 1.24581
2.49701 3.118 1.16022
2.53316 3.14745 1.143
2.53768 3.14003 1.04704
2.53725 3.14888 0.946588
2.52744 3.13259 0.861711
2.53781 3.14885 0.749342
2.52689 3.15111 0.650429
2.53035 3.15235 0.54595
2.52464 3.14869 0.445661
2.52368 3.14476 0.351257
2.49253 3.101 0.246055
2.52055 3.13645 0.256242
2.5212 3.14797 0.147532
2.49144 3.101 0.06202
2.52178 3.13753 0.0563679
2.53263 3.14586 -0.0473399
2.5319 3.14802 -0.141483
2.52375 3.14221 -0.254163
2.55836 3.1499 -0.316271
2.62319 3.13544 -0.326257
2.7176 3.13844 -0.322022
2.85275 3.1518 -0.329347
4.94439 3.1375 -0.348547
2.55388 3.2509 1.44244
2.56595 3.2512 1.35287
2.5781 3.245 1.24345
2.58168 3.24467 1.15873
2.57635 3.23875 1.04887
2.60519 3.24967 1.03411
2.57402 3.23483 0.941858
2.57152 3.24519 0.853639
2.57032 3.25085 0.743897
2.5684 3.24384 0.640457
2.60577 3.277 0.651031
2.5694 3.24158 0.556451
2.56327 3.23841 0.444761
2.55722 3.24069 0.347416
2.5605 3.24239 0.250608
2.56387 3.23893 0.163406
2.56435 3.24943 0.0419444
2.5585 3.23919 -0.0555711
2.56203 3.23844 -0.150518
2.57355 3.24142 -0.257382
2.57656 3.226 -0.313168
2.65655 3.2554 -0.323358
2.83384 3.228 -0.324831
4.9543 3.216 -0.354854
5.05987 3.23964 -0.354145
2.62446 3.341 1.51232
2.5779 3.31433 1.45238
2.61948 3.34592 1.44819
2.59136 3.325 1.35158
2.62116 3.341 1.35268
2.58817 3.309 1.24505
2.62478 3.341 1.25674
2.59228 3.325 1.15741
2.63 3.35124 1.14669
2.59287 3.3218 1.05546
2.62741 3.34405 1.05097
2.5892 3.321 0.959733
2.62435 3.34973 0.959858
2.58141 3.31433 0.830802
2.6193 3.34456 0.85299
2.57833 3.32271 0.7611
2.61761 3.36447 0.739716
2.59284 3.341 0.606532
2.61661 3.35577 0.649164
2.58774 3.33414 0.546333
2.61276 3.36386 0.530039
2.58887 3.325 0.451925
2.61179 3.3602 0.463846
2.57868 3.33186 0.339304
2.61325 3.35229 0.351515
2.58205 3.331 0.251745
2.61753 3.35929 0.241522
2.59146 3.34633 0.170379
2.61828 3.357 0.1466
2.5867 3.32416 0.0584445
2.61591 3.34774 0.0379959
2.57691 3.309 -0.0474965
2.62043 3.33544 -0.0533608
2.57472 3.313 -0.151547
2.62749 3.35784 -0.144619
2.58626 3.31167 -0.246985
2.62049 3.341 -0.252896
2.63446 3.33833 -0.31968
2.6521 3.46007 1.5407
2.64886 3.42912 1.4554
2.65773 3.44133 1.35543
2.65242 3.43439 1.25013
2.66825 3.45225 1.14886
2.65233 3.442 1.05632
2.65081 3.44548 0.946082
2.64388 3.44737 0.841235
2.6337 3.43748 0.741705
2.63697 3.43321 0.656492
2.64697 3.45124 0.558036
2.63679 3.44525 0.443991
2.63169 3.43697 0.347647
2.64202 3.43827 0.253099
2.64912 3.44555 0.152209
2.64722 3.4362 0.0481815
2.6536 3.44338 -0.0409538
2.65728 3.43786 -0.157818
2.65033 3.44025 -0.251042
2.65834 3.436 -0.31699
2.73254 3.43644 -0.327627
2.74267 3.57067 1.61769
2.69241 3.54437 1.54828
2.71366 3.56979 1.55258
2.67838 3.5318 1.4515
2.71899 3.583 1.45202
2.6883 3.53269 1.35205
2.71672 3.57067 1.33946
2.68493 3.5427 1.24902
2.7165 3.57313 1.24686
2.68535 3.54507 1.14874
2.7186 3.57731 1.15495
2.68911 3.53231 1.05475
2.71444 3.57627 1.05924
2.68048 3.54284 0.952757
2.70671 3.583 0.913836
2.6784 3.53565 0.850784
2.67287 3.55295 0.738628
2.67608 3.54632 0.648586
2.71207 3.583 0.656152
2.68683 3.5395 0.542164
2.71875 3.583 0.539251
2.67436 3.54636 0.450754
2.68108 3.5318 0.358569
2.71392 3.5608 0.331481
2.68433 3.53044 0.24491
2.71932 3.57375 0.228262
2.6874 3.53473 0.153155
2.71814 3.56986 0.140288
2.6878 3.53494 0.0597466
2.72597 3.58082 0.0595852
2.69435 3.53263 -0.0272929
2.72623 3.56295 -0.0483875
2.68751 3.5498 -0.141024
2.71804 3.5665 -0.154379
2.69007 3.52488 -0.261709
2.72573 3.56154 -0.23975
2.72803 3.5525 -0.317715
2.74703 3.65631 1.62821
2.75426 3.66338 1.54454
2.82535 3.67043 1.56044
2.75153 3.65936 1.44746
2.75425 3.66783 1.34564
2.80889 3.698 1.38059
2.75489 3.65612 1.25957
2.73951 3.65935 1.14867
2.74098 3.65662 1.04879
2.69989 3.621 0.919389
2.73427 3.65929 0.952359
2.73318 3.65144 0.856933
2.73148 3.65853 0.750743
2.74952 3.66746 0.650885
2.74722 3.67182 0.540183
2.75546 3.66315 0.448958
2.81218 3.6915 0.442226
2.75199 3.64751 0.351927
2.76476 3.64909 0.249024
2.81486 3.63525 0.224447
2.76114 3.6435 0.157075
2.81032 3.65267 0.1498
2.76849 3.6305 0.0520394
2.80925 3.64317 0.043541
2.76144 3.64596 -0.0559103
2.81482 3.6438 -0.0267629
2.76816 3.64788 -0.146496
2.77423 3.641 -0.241216
2.77836 3.62944 -0.310249
5.28501 3.6915 -0.36328
2.77239 3.738 1.51834
2.76735 3.738 1.48096
2.8088 3.7462 1.45441
2.77989 3.75508 1.33977
2.77329 3.75167 1.25406
2.80519 3.74483 1.26101
2.77308 3.74523 1.14936
2.80623 3.74971 1.16001
2.77562 3.74386 1.04347
2.77356 3.75742 0.947399
2.75478 3.7544 0.867305
2.77399 3.74483 0.766263
2.77884 3.738 0.66303
2.77601 3.738 0.559165
2.78117 3.738 0.439185
2.76895 3.738 0.358136
4.92705 3.76323 0.129188
5.2828 3.779 0.148575
5.34816 3.76096 0.146226
5.41701 3.7421 0.143965
5.34893 3.76165 0.0465205
5.41873 3.76362 0.0514326
5.24002 3.76761 -0.0624779
5.36653 3.75932 -0.0468914
5.42724 3.76212 -0.043983
5.27938 3.77353 -0.158652
5.34351 3.76143 -0.144327
6.22177 3.77217 -0.166924
5.26536 3.77187 -0.252654
5.34241 3.75622 -0.247006
5.42529 3.7585 -0.257791
6.21857 3.779 -0.234545
5.36042 3.77269 -0.325626
6.08028 3.84787 1.72887
6.11757 3.85171 1.73845
6.26136 3.864 1.53861
6.19124 3.864 1.43724
6.25531 3.864 1.45356
6.24848 3.864 1.34714
6.27109 3.864 1.25202
6.27311 3.864 1.16898
6.24967 3.864 1.06233
6.17585 3.83533 0.755021
6.25876 3.864 0.650341
6.28666 3.864 0.55062
6.25699 3.864 0.439403
6.26095 3.864 0.343537
5.2574 3.8468 0.216516
5.3496 3.84107 0.216005
6.24768 3.86195 0.243517
4.55715 3.864 0.119232
4.65557 3.864 0.144046
4.75528 3.8597 0.129775
4.84342 3.83892 0.134062
5.14498 3.864 0.148538
5.23542 3.84156 0.152955
5.33917 3.821 0.15466
6.2663 3.864 0.152932
4.56689 3.86009 0.0798448
4.65426 3.8597 0.0770182
4.74526 3.83754 0.0801389
4.84824 3.8554 0.0695824
4.97374 3.85325 0.0804281
5.1623 3.85594 0.0632611
5.24819 3.83903 0.0534672
5.32704 3.821 0.0713947
5.47205 3.84011 0.0294056
5.08658 3.864 -0.055936
5.15052 3.85683 -0.0521263
5.23352 3.83852 -0.0492334
5.31908 3.821 -0.0394473
6.15689 3.864 -0.0351644
5.18275 3.864 -0.157013
5.24948 3.84404 -0.1509
6.17448 3.84967 -0.156933
6.23726 3.85032 -0.136482
5.15897 3.85325 -0.245989
5.23135 3.82661 -0.241908
5.45926 3.821 -0.237578
6.17606 3.84055 -0.222515
6.23583 3.83035 -0.242444
5.15184 3.84376 -0.333323
5.25208 3.8425 -0.327811
5.34833 3.84107 -0.345366
5.45898 3.83943 -0.336945
6.33686 3.998 1.81674
5.95193 3.94978 1.76261
6.04121 3.93531 1.74273
6.14293 3.93325 1.75323
6.2469 3.95216 1.75116
6.33135 3.97244 1.74149
6.06184 3.95351 1.64996
6.15898 3.9227 1.65161
6.257 3.94024 1.64674
6.33436 3.95216 1.65412
6.06983 3.95094 1.54767
6.14782 3.933 1.55232
6.23624 3.92202 1.55585
6.30657 3.907 1.55855
6.08325 3.9751 1.44158
6.13269 3.95116 1.44626
6.24034 3.907 1.44309
6.08873 3.9796 1.36371
6.14833 3.96479 1.35675
6.2374 3.9255 1.36335
6.15606 3.94493 1.25411
6.23904 3.92035 1.24566
6.14739 3.95757 1.15437
6.22984 3.907 1.15995
6.15465 3.95442 1.05231
6.22984 3.92424 1.05079
6.08422 3.97709 0.951005
6.15074 3.96926 0.948316
6.213 3.9796 0.985621
6.09414 3.975 0.838234
6.15839 3.96402 0.844061
6.15835 3.95988 0.751004
6.23421 3.912 0.72196
6.09338 3.99033 0.635872
6.15175 3.95883 0.651575
6.23974 3.91471 0.655091
6.0486 3.99493 0.531963
6.1652 3.951 0.555882
6.24209 3.92152 0.553505
6.07836 3.975 0.457948
6.15233 3.95231 0.448772
6.24974 3.907 0.457742
6.30773 3.907 0.448747
6.06168 3.98048 0.333428
6.14424 3.94859 0.35139
6.22186 3.907 0.350149
5.15176 3.95827 0.218518
5.24431 3.93413 0.229815
5.36643 3.94523 0.236727
5.44342 3.95994 0.248259
5.97051 3.98742 0.238713
6.06152 3.97756 0.256228
6.1492 3.94975 0.260609
6.24181 3.92336 0.270747
4.48066 3.93717 0.125917
4.5527 3.91021 0.136578
4.63198 3.91825 0.144637
4.74733 3.907 0.15227
5.08674 3.93113 0.15215
5.11876 3.94447 0.165445
5.53512 3.99225 0.160724
5.9559 3.9888 0.154821
6.04876 3.9583 0.16096
6.13984 3.95416 0.154076
6.23605 3.91174 0.153584
4.47133 3.9252 0.0875532
5.07035 3.93407 0.050874
5.14212 3.907 0.0482173
5.53232 3.97829 0.0476607
5.08508 3.94196 -0.0542924
5.12426 3.907 -0.0116944
5.53051 3.98486 -0.0482985
5.7569 3.998 -0.0529894
5.87208 3.998 -0.0905367
5.97239 3.963 -0.0816364
6.08326 3.92643 -0.0505456
6.14904 3.94391 -0.0633893
6.25219 3.917 -0.065269
5.08756 3.92967 -0.154721
5.14434 3.907 -0.151145
5.81243 3.998 -0.14012
5.9884 3.975 -0.119293
6.06602 3.95483 -0.153571
6.13849 3.92816 -0.152899
5.07557 3.92085 -0.246086
5.12706 3.907 -0.254229
5.52435 3.96925 -0.268298
5.81645 3.998 -0.239245
5.96604 3.98039 -0.234981
6.08092 3.916 -0.221356
6.1465 3.9214 -0.247469
5.08294 3.922 -0.320281
5.12413 3.917 -0.321957
5.3609 3.91109 -0.351154
5.55719 3.96464 -0.334363
